201201   24	-4	8.3	-3.1	9.4	-9.7	2.1	-3.4	-0.4	-3	0.1	-7	6	-1.1	2.8	-2.4	2.4	-6.4	2.3	-3	7	-4	2	-3.5	2	-3.2	4	-2.9	3.6	-0.1	3.6	-1.7	5.5	-3	5	-4	1	0.4	2.8	-1.6	2.3	-5	-2	-4.3	-1.1	-2	8	-2	12.4	-3	11	0	11.9	0.2	13.7	1	11	1.2	9.7	3	12	2.4	8.2
201201   48	-2.8	8.4	-6.4	7	-5	4.3	-5.2	-1.1	-2.2	1.2	-1.4	1.4	-6	1	0.4	3.2	-5.3	2.4	-6.2	1.9	-5	3	-4	3	-5	3.2	-4.3	5.7	-1.1	3.4	-3	4.1	-1.3	5.4	-2	3	-4	1	-1.8	2.1	-4.7	1.3	-5	-1	-7.3	-0.1	-1	11	-1.2	15.2	-2	12	0	13	0.3	10.5	0	11	0.9	10.2	3	10
201201   72	-2	5.7	-4.4	8	-7.5	3	-4.7	1.3	-3.8	0.2	-1.5	1.5	-0.6	2	-5	3	-1.7	3.3	-4	3.2	-4.2	1	-5	4	-4	5	-7	1.9	-4.4	4.6	-2.3	3.3	-5.5	4.4	-2	2.4	-2	2	-3	0	-4.9	0.9	-5	0.5	-5	-1	-5.6	-1.6	-2	14	-0.8	10	-1	14	-1.5	13.2	-0.8	13.6	1	10	1	8
201202   24	1.6	6.7	-5	3.5	-3	8	-5	5	-3	6	-3	4	-8.2	3.3	-4.4	2.4	-5.8	-0.6	-5	2	-5.7	4.2	-2.2	5.3	-3	5	-0.5	7.3	-4	7.7	-3	3	-3	2	-3	4	-4.3	7.5	-1.6	9.8	2.2	8	1	9	1	10	0.5	5.4	-0.7	6.8	-1.8	6.5	1.3	5.7	-2	9	-1	8
201202   48	1.4	4	1.9	12.7	0	7	-5	9	-2	7	-2	5	-2	1	-4.7	3.3	-2.5	2.4	-5	2.2	-6	3	-6	4.3	-2	6.9	-0.5	7.3	-5	7.8	-4.6	4.2	-3	0	-3	3	-5	7	-2.6	10	-0.7	12.3	2.2	10	1	7	1	4.8	-0.7	6.8	-1.3	6.5	-2.2	8.8	3.5	7.5	0	8.6
201202   72	0	9	1.2	8.2	-2	9.5	-1.5	6	-4	7	-3	6	-2	3	-6	2	-4	3.3	-3.8	6.5	-6	1	-3	4	-4.1	1.6	-0.4	7.2	-5	7.8	-5.2	4.4	-5.7	3	-4	4	-5	8	-2	10	0	9.6	-2.2	10.6	3.6	13	1	3	-1	7	-1.3	6.5	-1.7	7.8	-2.2	10.3	3.1	9.8
201203   24	-2	7	0	5	-0.6	4	0.2	2.4	0	8	-1	4	-0.8	6.7	-1	5.5	-0.6	7.6	2	7.8	0	11	1	12	2.6	15.4	1.7	16	5.6	14	2.7	12	5.4	18	3.9	14.4	7.2	12	3.8	10	4.8	6.3	7	15	5	14.8	3	13	3	19.5	4.7	17.7	9	21	8.4	16.4	6	19	8	21	4.7	21
201203   48	0	7	1	6	0	4	0.2	2.7	-0.3	9.4	1	6	-0.8	6.6	-1.8	1.6	-0.1	7.4	-1	9	2.5	10.8	0	14	2	16	3.3	14.6	4.2	16.3	7.4	19	3.8	15	5	19	7.3	12.2	8.7	15	4.8	6.3	8.9	18	6	19	0.3	14	0	17	5.2	17.3	6	18.2	10	20	8.4	22.5	8	16	4	18
201203   72	0.5	6.4	-1	5	0	5	0	4	-0.3	9.4	0.2	7	-1	5	-1.8	1.6	-0.5	2.8	-0.1	5.8	-1.2	9.8	2	7.7	2	14	4	14	4.8	18.4	5.6	16	5.3	19.7	6.5	19.2	7	16	8.7	15.3	5.8	11.4	8.9	18.3	5.2	16	4	20	4.2	17	5	18	6	16	7.6	17.4	8.3	20.6	7.8	21.1	5	17
201204   24	3	17.8	7.6	21.4	8.5	16.3	11	16	9	14	11	16	10	19.5	10.7	23.4	10	20	10.6	25.7	10	18.7	12	16.6	8	19	7.2	22	10.2	25.2	13	23	12	20	12	25	9.8	22.2	13	21	13	27	12	29	14.5	20.8	12	20	9	21	8.7	29.3	12	28.6	13.8	27.2	16	25	13.6	21.3
201204   48	2.7	20.4	5	21.5	7.8	17	6.3	20.8	9	20	7	17	10.6	19.7	10.8	17.4	11	18.4	10.4	26	12.6	15.5	12	18.7	7.7	17	11	22	11	26	12	21.3	12	20	12	26	14	25	11.4	23.7	8.8	26.3	14	29	13	24	14	23.7	8	21	8	24	12.6	31.7	14.4	29.7	15	26.2	17	22
201204   72	6	21	9	20	6.4	18.4	4.8	19.3	8.8	14.8	8	19	9	17	9.5	20	10.3	20.2	10.7	20.3	11.8	14.8	11.8	13.4	7.4	18.6	6.7	20.7	10	21	12	18.2	13.2	19	12	26	10	23	15	24	10.1	28.2	11.7	26.4	16	27	14	20	12	21	8	26	12	29	15.3	28	14	26.4	15	20
201205   24	17	23	13.5	18	14	20	13.8	23.6	14.7	24.7	15.9	24.5	17	27	17	30	19	30	19	28	21	29.3	17	20.3	12	21	11.3	29.7	12.4	29	14.2	30.4	14.4	24	17	29	18	35.5	19.2	28	16.7	18.6	16	23.2	13	21	15	26	14	27	16	29	17	29	16	21	17	27	15	28	17	22
201205   48	13.7	20.4	16	20	12.9	17.3	14	20	15	23.8	16	21.3	16.8	28.5	17.5	27.2	19	26	18	29	18.4	26.3	15.6	24.7	12.2	24	12	25	14.6	29.7	16	31.5	13.8	26.1	14.6	27.8	17	32	20	29.2	18	19	14.6	24.5	14	20.5	13	24	16	30	17	30	17	28	17	24	13	26	15	25.3	17	25
201205   72	14	24	12.5	22	15	22	13.2	23.9	14	23	16.5	24	15.3	22.1	18.4	29.6	17.2	24	18	26	17	25	18	27	10.7	26.7	13	27.3	13	27	14.6	28.6	15.8	21.2	14.7	27	15	30.4	18	27	20	21.8	16.7	26	13	20.6	13.7	21.8	15	25	17	30	17	29	17	25	16	28	14	27	13.6	22.3
201206   24	17	28.3	17	29	18.3	28.3	18.8	30.3	17.5	28.4	18	28	18.8	31.3	18.2	33.4	19.8	35.3	20.2	34.8	19	32	20	36	20	33	21	30.2	19.5	33	17	32	18.7	32.8	21	33	20.2	35	20.5	30.3	22	32	22	36.5	21.6	35.7	21.8	29	21.4	29.8	21	23	20	24	21	25	20	27.5	19	29
201206   48	15.4	26.5	16.3	29.2	18	26	18	27	18.3	28.4	18	28.4	18	30	18.4	32	19.5	30.6	20.7	36.4	20.6	28.6	20	37	21	34	20.3	29	16.5	29.5	19.8	31	19	31	20.6	32.7	19	35	21.3	28	20.7	29.8	21	32	21.5	34.4	21.8	29.4	21.8	26	20.3	22.3	21	28	19	22	20	30.7	18.2	29.4
201206   72	17	27	16.5	29.5	18.3	26.3	18	27	18.5	27.5	18.4	27.7	19	32.3	18	32	19	31	20	26	20.3	28	17.7	30.2	19	32	22	32	17.9	31.6	17.3	29	20.6	29.2	21	30	21	30	20	35	19.3	33.5	21.3	31.9	21	36	22.4	31.6	21.4	29.3	19.5	24	19.6	21.6	19	26	19	25	20	28.8
201207   24	20.5	27	22	27	19.4	30.1	21.4	32.7	22.7	33.5	21	33	22	31.7	23	25	21.6	25.7	21.3	33.3	22	33	22.3	30.5	21.6	34.4	22.4	32.7	22.2	30	23	29	22	28	22	28	21.6	26.5	22.2	26.5	21.6	25.6	21.4	28.4	19.5	26.3	18.8	28.9	21.8	28	23	31	24	31.7	24.6	34.4	24.3	34.7	24.3	31.5	21	28
201207   48	19	29	20	25	21	31	19.7	29.6	21.2	30.2	25	34.2	22	30	22	24	22	25	21	33	21	33.6	21	33	20.7	37.2	21.2	32.4	21.1	29.4	21.7	28	22	29	21	29	20.8	28.8	20.7	24.8	22	27.8	21.5	32.2	20	26	19.9	26.6	20.8	30	22.4	30	23	31	23.4	32	23.2	35.7	23	32	22.5	28.2
201207   72	19.6	29	21	26	19.6	29.4	21	28	19.8	29.4	21.8	28.9	22.4	31	22	26	21.5	29.5	21	33	21.2	32	21.2	35	20	37	21	32.2	20.6	28.8	21.7	26.8	22	25.4	21	27	21	29	21.2	26.5	20.5	28	21.3	28	20.4	26.7	19	29.5	20.4	27.4	22.3	29.3	23	29.7	23	32	23.6	32.8	23	31.3	23	31
201208   24	20.3	27	20.3	28.3	21.4	29.6	22.7	28.5	23	26	22.8	27.6	22.6	30	22.3	31.4	23	31	22.5	29	22.8	30	23.5	29	24	26	23	27.3	20.2	29	20.5	27.5	22	24	20.8	25	19	24	19.5	28.7	17.8	27.6	16.7	25.2	18	25	19.2	27.5	20.4	28	20	27.7	20	28.5	19	31.8	19.2	30.7	18.6	27	17.8	19.8
201208   48	21	27	19.8	29.3	20.8	28.6	21.4	26.8	22	26.8	22	28	22.2	30.2	22.5	32	22.6	30.5	23	28	22.8	29.5	22.4	31	22.5	24.5	22	26	21.5	32.3	20.7	28.3	21.8	25	21	25	18.7	26.3	18	26.7	18.5	25	18	26.5	17.2	24	18	26	19.2	28.8	19.5	29.7	19.5	28	19	32	19.8	30.7	19.5	27.7	18.6	20.6
201208   72	20.8	31.8	19	30	20	28	21.8	26.7	22	26.7	21.5	27	21	29	22	32	22.5	31	22.3	29.7	23	28	22.8	31.4	22.3	28.8	21.6	25.8	21	27	21.7	28	21.3	25.7	21.5	25.3	19	30	18.6	27	17.5	24.5	17	22.7	16.3	24.7	16.7	25.8	18	28	19.2	29.6	19.4	29.2	18.8	29.3	19	30	18	27.4	19	24
201209   24	16.6	22.7	16	26.8	14.8	26.6	15	27	18.2	27.5	18.8	27.6	18.5	22.6	17.6	23	17.5	24	16	18	17.3	22.6	14	21.6	12	23.6	12	22.8	13.4	20.5	15	18	14.5	22.6	15	28	14.6	25.3	15	23	15.7	26	15	24.7	14	23.4	16	21	15.7	17.7	14.8	21.1	14.5	22.6	12	19	10.5	19.2	12.6	23
201209   48	18	23.3	16	26	14.6	26.5	17.6	27.5	18	27	18	27.7	18.8	23	18.3	21	17	19	17	19	15.6	24	15	20.5	8	23	11	23.8	13.3	20.4	13.6	19	14	24	13.8	28	14.5	26.8	15.8	22	15	26	15.3	24.5	16.4	22.7	16	20.8	16	18	14.6	24	14.3	24.3	12.3	18.5	12	22	12.4	22.7
201209   72	18.2	21	15.8	27	16	24.6	15	27	16.8	25.7	19	24	18.7	23.7	18	23.7	17.2	20.5	15	20	15	17	14	21.7	10.8	24.8	9	25	11.4	20	12.6	19	13.5	25.3	14	28	14.2	25.6	15.4	21.5	15.8	25.8	16	26	16	21.2	15	19.5	15	17	13	21	14	21.3	12.3	19.6	11.2	20.5	9	19
201210   24	14	23.2	15.7	23	13.4	23.8	14	20.4	13	21	12.8	20.6	13.5	17.4	14.4	18.8	11.7	24.5	9	19	11	20	14	19	13	21.6	12	17	10	15	10.3	15.7	7.2	16	11	14	8	18	9.6	20.6	11	15.5	7.6	15.6	5	17	7	14	7.4	19	8	19.2	8	15	8	16	9.8	17.6	8.2	16.8	5.6	13.5
201210   48	13.2	26	14.3	23.3	14.6	23	14.6	19.6	13.2	20.2	11.4	21.3	13	16	12.4	18	12	23	10.3	19.7	11	19	12	20	14	21	11.8	19	11	18	9	14	7	15.7	7	15.6	9.4	20	7	16	10	16.3	6.8	12.7	5.3	19.6	4	18	7	19	6.3	15.7	7.7	13.6	9	14	8	18	6.5	18	4.2	17.8
201210   72	10.2	25.6	13.4	23.3	14.4	23	14	22.5	13.3	22.5	12.5	20.5	11	18	12.3	17.3	11	21	9.6	21.3	10.8	21.3	12	19	13	17	12	20	11.3	17.3	10	12	6	16	8	19.8	7	14.2	11	21	11	20	8.2	17.7	5.8	18	7	21.1	8	18	7	23	8.6	16	9	15.3	8	14	7	19	6	16.8
201211   24	6	20	6.2	14	6.3	14.6	0.9	12.6	0.7	13.6	2.6	11	3.2	11	3	8.4	4	8.8	4.7	12	0.3	8.2	1.9	13.5	3.2	8.6	4	7.3	5	13	2.5	13	0.6	15.4	4	12	2.6	10.6	4.4	12.3	4	8	4.3	11.5	1.7	11.2	-0.3	8.4	1	11	-1.4	10	-1.4	9	-0.5	9.2	-1.6	6.8	-1	10
201211   48	3.3	20	5	12	5.4	12.4	3.5	11.5	0.3	13	3.5	16	2	14	2	15	4	9.4	3.8	9.2	2	16	0.3	16	1.7	9.5	2	9	5	16.8	3	15	1	15	1.4	9.5	3	9	2	12.6	2.5	12	3.6	9	2	9.8	1.3	7	0.2	13.4	0	13	-1.3	9	-1.5	10.5	-0.7	5	-2	9
201211   72	4.6	16.4	5.6	11.6	7	11	1.7	14.5	1.3	14.5	2.3	14	6.3	13.5	5	10	3	11	4.3	6.3	2	15.7	-1	13	2.8	10.6	3	11.3	4.2	17.5	3.7	16.1	0	13	3.4	11	4	11	2	14	3.6	10.2	3.3	6.6	1.4	9	1.9	6.3	3	8.3	0	13	-3	8	-2	8	0.3	6.8	0.2	7.3
201212   24	-0.3	10	-1	8	-0.4	9.7	-0.6	9.2	-4	14	-2.8	12	-0.5	11.6	-2	4.4	-2.2	11	-2.5	7.7	-0.3	7	-1	6	-0.3	7.8	-2	10.7	-2	10	-0.4	8.5	-1	6.2	-6	1.4	-4	1	-2	4	-3	2.4	-4.8	1	-7	5	-8	4.8	-4	3.5	-6	6	-5	5	-5	4	-4.4	5	-9.7	11.4	-7	10
201212   48	-1	12	-0.4	7	-1.4	13.4	-1	10.7	-1.5	14.3	-5	10	-2	9	-0.6	5.2	-0.8	6.6	-3.2	9	-0.3	5	-0.7	8	0	9	-1	9.4	-1	9.8	-1	9	-1.3	7	-1	4.2	-5	3	-2	2	-2	3	-3.2	3	-6	5.2	-6	6	-3	6.6	-4.7	4.7	-5	7	-3	5	-4	10	-8	4	-7.8	8.4
201212   72	-1	11.8	1	7	-1	11	-0.4	13.4	0.3	12	-2.2	13.6	-5	4	-5	5	-3.2	3.3	-2.7	5.2	-1	2	-1.4	7	-0.2	10	0	12	-1.4	8.4	0.7	9.6	0	6	-4	5.2	-3	6.2	-3	2	-6	3	-5	5	-8	4.8	-7.6	9.6	-4	6	-2.3	4.8	-4	4.7	-3	3	-3	8	-6	11	-5.7	8
