200804 24	16	33	16	28	15	19	14	30	16	31	17	31	16	22	15	17	14	30	15	27	12	25	12	27	14	28	17	31	19	33	19	33	19	26	16	31	17	31	18	29	18	30	18	30	18	32	20	30	20	26	18	27	18	23	18	28	15	23	15	30
200804 48	17	31	18	31	11	23	13	28	15	30	18	29	20	25	14	25	13	25	15	27	14	26	12	27	15	26	17	31	19	34	19	31	18	29	16	29	17	30	18	29	18	27	18	29	19	34	20	35	21	27	20	25	15	23	16	29	15	26	15	30
200804 72	17	32	18	31	18	29	11	29	14	30	17	31	17	28	15	23	14	24	15	27	15	28	15	27	16	28	16	31	18	32	19	30	19	30	17	30	16	31	19	30	18	27	18	27	17	32	20	35	22	28	20	27	17	29	15	28	18	28	16	30
200805 24	16	33	16	28	15	19	14	30	16	31	17	31	16	22	15	17	14	30	15	27	12	25	12	27	14	28	17	31	19	33	19	33	19	26	16	31	17	31	18	29	18	30	18	30	18	32	20	30	20	26	18	27	18	23	18	28	15	23	15	30	17	32
200805 48	17	31	18	31	11	23	13	28	15	30	18	29	20	25	14	25	13	25	15	27	14	26	12	27	15	26	17	31	19	34	19	31	18	29	16	29	17	30	18	29	18	27	18	29	19	34	20	35	21	27	20	25	15	23	16	29	15	26	15	30	17	31
200805 72	17	32	18	31	18	29	11	29	14	30	17	31	17	28	15	23	14	24	15	27	15	28	15	27	16	28	16	31	18	32	19	30	19	30	17	30	16	31	19	30	18	27	18	27	17	32	20	35	22	28	20	27	17	29	15	28	18	28	16	30	17	33
200806 24	19	32	18	33	19	33	18	33	20	34	19	30	17	20	18	31	20	30	19	33	20	33	20	34	21	32	20	28	19	26	17	30	19	32	21	31	22	28	23	30			22	26	21	33	23	34	22	36	23	32	23	37	23	36	24	33	22	34
200806 48	19	34	18	35	19	35	20	35	20	27	20	27	18	22	17	29	19	33	19	33	20	34	20	34	21	33	21	23	18	29	19	31	19	30	21	29	22	27	21	28	23	31	22	26	20	34	22	35	22	36	23	35	22	36	23	36	24	29	23	26
200806 72	18	32	20	35	19	34	21	35	20	31	17	24	18	24	18	29	19	32	20	34	20	35	21	36	22	33	21	23	19	28	19	29	20	29	21	25	22	30	21	25	22	32	22	24			22	34	23	31	23	34	23	36	23	35	24	31	22	29
200807 24	21	33	23	35	24	34	23	34	21	35	22	37	23	36	22	34	23	35	24	35	24	33	24	35	24	32	24	25	20	29	22	28	22	33	22	36	23	34	23	38	23	24	21	25	19	32	23	34	22	34	24	34	24	34	24	34	24	35	24	33	24	31
200807 48	22	31	23	32	24	35	24	32	23	35	23	37	22	35	23	35	23	35	24	35	25	35	25	35	25	33	24	26	20	33	22	28	22	35	21	34	23	36	23	39	22	27	20	24	20	30	23	33	23	34	24	34	24	35	24	35	25	34	23	38	24	26
200807 72	22	28	23	32	23	32	24	36	22	36	23	37	24	35	23	35	22	34	23	35	24	34	24	35	24	32	23	26	22	32	24	31	22	33	23	35	23	34	23	31	22	27	21	32	19	30	22	32	23	33	24	34	24	35	24	35	25	35	24	33	22	27
200808 24	21	29	22	31	23	30	22	34	23	34	23	34	24	33	23	33	23	24	21	30	21	32	21	27	21	31	22	27	20	25	19	32	20	37	23	34	24	39	22	28	22	29	21	33	22	34	22	32	21	34	21	34	21	30	21	24	20	24	17	28	16	28
200808 48	21	28	22	32	22	27	21	31	23	34	23	34	24	32	24	32	23	26	21	28	21	32	21	29	21	33	22	27	22	23	19	30	20	33	22	31	25	40	22	28	20	31	21	33	22	34	21	33	22	35	21	33	21	35	22	23	20	23	18	27	17	30
200808 72	22	32	22	32	23	33	21	30	22	33	23	34	24	32	24	31	23	28	21	27	22	32	22	32	21	31	22	29	21	24	19	23	20	33	23	34	23	33	22	28	20	29	20	32	21	35	21	33	22	35	21	30	21	33	22	23	19	25	18	27	18	31
200909 24	17	30	19	22	17	29	18	32	18	32	18	30	20	28	21	28	19	21	15	21	16	25	117	25	16	26	16	28	18	28	19	22	16	23	18	28	18	27	20	30	21	30	19	23	21	27	19	25	19	23	15	16	13	14	13	16	14	22	15	23
200909 48	17	29	18	22	17	28	18	31	18	32	18	30	19	28	21	24	18	20	15	24	16	25	16	27	17	27	16	28	18	25	19	21	16	27	17	28	19	27	20	24	21	30	19	20	20	28	19	23	18	19	15	16	13	14	13	17	14	21	16	24
200909 72	19	30	18	23	17	28	17	30	18	32	17	30	18	29	21	24	18	21	15	19	17	20	16	28	16	26	18	28	18	28	19	23	16	26	17	27	19	28	20	28	20	25	19	23	19	27	19	24	17	19	15	16	14	16	13	18	14	20	15	24
200810 24	16	26	16	24	17	20	14	22	12	22	12	19	14	18	13	21	15	19	13	15	13	18	12	21	12	26	13	26	13	25	14	20	14	18	14	18	14	18	13	18	11	19	12	15	5	14	7	15	9	16	9	19	11	17	8	19	9	20	11	18	9	19
200810 48	15	26	17	24	16	20	14	24	11	23	11	19	13	17	19	22	13	18	14	15	12	17	12	22	13	26	14	26	14	22	15	21	14	20	13	21	13	20	13	20	13	21	12	19	4	15	9	16	8	16	9	19	9	18	9	18	10	21	11	16	11	17
200810 72	16	26	16	26	17	23	14	24	13	24	13	21	13	16	13	21	19	13	12	17	11	17	12	22	13	27	14	26	14	21	13	26	14	19	14	21	14	20	14	20	13	21	13	16	12	19	5	16	9	18	10	19	10	19	9	16	8	18	12	17	8	19
200811 24	10	18	9	20	10	21	18	10	11	12	9	11	6	19	6	17	8	19	9	18	8	16	8	14	8	12	7	10	6	11	6	11	5	11	3	10	0	13	4	13	5	11	3	5	1	11	0	10	-2	10	3	9	-6	10	-2	13	-2	14	-1	14
200811 48	10	16	9	20	10	22	10	17	11	12	8	13	8	17	5	16	8	19	9	18	8	16	8	13	8	11	8	10	6	12	6	12	4	11	2	11	1	13	4	20	5	11	6	7	-1	10	1	11	0	14	1	12	-4	10	-1	13	-2	13	0	11
200811 72	11	15	8	18	9	22	11	16	10	13	9	14	6	18	6	16	5	18	9	18	8	17	8	17	8	12	8	12	7	11	6	10	4	11	2	10	1	13	4	12	6	10	6	8	1	11	0	10	1	9	-2	10	-4	10	-1	13	-3	14	0	13
200812 24	-2	10	-1	11	2	5	-6	5	-10	7	-4	7	-2	9	-4	10	-2	11	1	11	-2	10	-1	11	0	8	-2	6	-2	7	-3	10	-1	9	-1	10	0	11	0	8	-7	-3	-10	0	-7	5	-2	9	-5	5	-3	5	-4	7	-3	3	-7	3	-6	4	-7	4
200812 48	0	11	2	5	2	5	-7	5	-9	8	-3	7	-2	10	-4	9	-3	10	0	11	-2	9	0	11	0	7	-3	7	-2	8	-2	11	-1	8	0	10	0	11	0	7	-6	-2	-10	1	-7	6	-2	8	-2	8	-3	4	-4	8	-3	2	0	6	-7	3	-7	4
200812 72	-3	10	-2	10	-8	4	-7	4	-9	8	-2	7	-1	9	-4	10	-3	8	0	11	-3	9	0	10	0	8	-3	7	-4	10	-2	11	-1	8	0	10	0	11	0	6	-8	-2	-11	3	-7	7	-4	8	-3	5	-1	8	-4	6	-4	4	-5	-1	-7	2	-6	5
200901 24	-5	2	-3	1	-4	2	-6	2	-6	3	-4	2	-5	5	-5	5	-8	6	-5	8	-6	4	-9	3	-8	7	-6	5	-6	7	-1	8	-3	10	-4	6	-1	5	1	8	-4	8	-5	1	-10	0	-10	3	-6	7	-5	6	-5	6	-1	9	-1	9	-1	10	1	8
200901 48	-4	2	-3	1	-4	3	-4	1	-5	2	-3	-1	-6	4	-5	4	-9	5	-6	7	-6	4	-9	3	-8	6	-6	6	-6	6	-3	8	-2	9	-5	5	-1	5	-1	8	-5	8	-6	0	-12	-1	-10	4	-6	7	-5	6	-5	6	-3	10	-2	9	-2	9	2	9
200901 72	-4	4	-3	1	-4	3	-3	1	-5	3	-3	-1	-7	3	-6	4	-10	4	-7	7	-6	4	-9	3	-8	6	-5	7	-5	7	-3	8	-2	8	-5	5	-1	6	-2	8	-5	7	-4	-2	-11	-1	-10	4	-5	6	-5	7	-4	6	-4	11	-3	8	-2	9	2	8
200902 24	3	5	2	-9	1	6	-1	10	1	13	2	10	1	6	4	9	0	13	2	13	3	15	4	16	2	11	1	10	3	4	1	2	1	3	-1	9	2	5	-1	8	-1	13	1	10	-1	8	1	5	0	2	-3	0	-2	4	-1	7
200902 48	3	7	1	9	1	6	-1	11	2	12	3	9	3	5	4	6	0	11	2	13	3	13	3	9	4	13	2	7	2	3	-1	1	-1	1	-1	6	2	6	-5	8	0	11	5	15	0	4	1	5	-1	0	-3	-2	-4	1	-1	7
200902 72	2	6	1	9	0	7	0	11	3	11	4	9	5	6	3	5	1	11	1	11	3	13	2	7	1	8	3	7	3	4	1	2	-1	5	-2	4	1	5	-5	8	-2	12	4	11	2	9	-1	6	0	1	-3	-2	-4	1	-1	5
200903 24	1	6	-2	5	-3	3	-2	7	-3	10	1	5	-1	11	3	15	0	13	2	14	5	7	2	3	-2	8	-4	15	3	18	5	22	6	22	8	25	9	22	10	20	11	16	4	13	5	17	5	20	2	17	9	16	7	8	4	12	2	17	3	16	6	13
200903 48	-1	4	-2	7	-3	6	-1	5	-4	10	1	6	-1	11	1	14	1	14	4	12	6	7	1	4	-5	9	-3	13	2	18	5	21	6	22	9	24	11	23	10	20	10	18	5	13	6	15	6	21	3	18	8	15	6	9	4	11	1	17	2	14	6	10
200903 72	1	6	-2	6	-2	8	-1	5	-4	8	0	5	-1	11	1	14	1	12	4	10	6	7	1	6	-6	9	-3	14	1	17	4	21	6	22	8	18	11	25	10	21	11	18	6	14	5	18	5	18	5	20	8	10	6	11	5	16	1	17	2	13	4	13
200904 24	3	10	4	12	3	16	7	20	5	20	5	19	8	21	8	19	12	16	10	16	11	22	11	23	9	27	12	27	13	26	9	24	13	17	11	21	12	25	11	24	8	23	11	13	11	24	8	19	5	21	5	22	9	16	10	21	9	22	11	17
200904 48	4	9	4	11	4	18	6	17	6	19	6	21	7	22	8	22	12	13	9	19	11	18	11	19	10	27	11	28	13	28	13	26	14	20	11	19	12	24	10	24	8	23	11	15	10	23	6	18	6	20	6	21	9	17	8	22	9	23	12	18
200904 72	5	10	3	10	4	16	7	20	7	19	6	20	7	22	8	23	10	15	9	22	9	19	12	21	11	24	12	28	13	28	13	25	13	17	12	19	11	24	9	24	8	23	11	14	9	23	7	20	4	18	7	18	9	17	8	21	9	23	12	21
200905 24	11	23	10	25	10	27	11	23	12	28	15	28	14	24	16	19	16	17	13	14	13	17	13	19	13	15	13	15	12	18	11	27	12	21	9	20	10	25	11	30	14	27	12	25	10	23	11	25	13	25	14	17	14	16	13	18	12	24	13	28	13	27
200905 48	10	23	12	25	8	27	11	25	11	26	15	27	15	23	16	19	14	15	13	15	12	17	14	17	14	15	14	17	12	20	11	25	11	18	9	23	10	27	11	30	14	27	13	24	11	21	11	25	12	25	15	18	14	15	13	22	11	23	11	26	12	28
200905 72	9	22	10	25	10	26	10	26	13	23	13	25	15	23	16	18	12	15	12	14	12	16	13	17	13	15	13	15	12	23	11	25	13	24	10	23	11	17	11	30	15	21	13	26	11	24	12	25	12	23	16	18	15	16	12	23	10	23	10	25	11	28
200906 24	14	25	12	32	15	34	16	34	16	35	15	28	16	29	15	30	15	29	16	28	15	24	15	33	16	32	16	34	19	32	18	23	18	27	21	27	18	21	14	28	19	30	18	35	19	31	19	34	21	31	21	36	18	33	19	29	17	29	18	37
200906 48	13	27	13	32	16	33	16	35	16	35	15	29	16	26	16	29	14	30	16	28	15	29	15	33	17	34	16	34	19	31	18	24	18	27	21	28	18	22	13	26	17	33	18	35	19	31	19	36	21	36	21	35	19	33	20	32	17	30	16	37
200906 72	14	28	12	32	15	33	15	34	17	36	15	30	15	28	15	29	15	30	16	30	15	29	16	33	17	34	18	33	18	29	18	30	18	27	21	30	21	23	13	29	17	32	18	35	19	32	19	36	21	36	20	34	19	29	20	32	19	33	17	37
200907 24	19	34	19	32	18	32	19	30	20	31	21	30	22	30	21	23	19	30	20	24	18	32	20	33	20	33	20	31	20	28	22	31	21	25	21	32	23	30	21	29	21	25	21	27	20	33	20	37	20	31	19	21	18	30	19	30	20	29	20	29	20	22
200907 48	19	36	20	33	19	31	18	26	20	31	21	32	22	28	22	24	19	29	20	28	18	32	19	33	20	34	21	27	22	30	22	27	21	30	20	32	23	28	22	27	21	25	21	29	21	33	20	36	20	32	19	25	18	30	18	31	20	29	20	29	20	23
200907 72	19	34	19	33	18	30	18	27	19	30	20	30	22	28	22	23	18	28	19	32	18	33	19	32	20	34	21	31	22	29	22	26	20	28	22	33	23	29	23	26	21	30	21	29	21	35	20	36	20	31	19	28	18	29	18	31	20	30	20	28	20	23
200908 24	20	24	20	29	20	22	17	27	18	28	19	30	19	29	20	29	20	28	18	30	21	28	19	33	19	34	19	32	21	31	20	26	19	29	16	25	16	27	16	26	20	21	17	26	18	26	20	27	20	26	18	25	18	30	19	20	17	23	13	26	15	26
200908 48	20	23	20	27	21	25	18	26	18	28	19	30	19	29	20	27	20	30	17	27	19	31	19	26	19	33	19	33	20	29	21	28	21	29	22	27	18	24	18	27	21	22	17	23	20	26	20	28	20	26	17	25	18	26	19	20	16	22	13	28	14	26
200908 72	20	27	20	25	21	24	20	26	18	28	19	30	19	29	20	29	20	29	20	29	19	32	19	28	18	33	19	34	21	30	19	26	22	29	21	22	18	20	19	20	21	23	18	19	20	26	20	28	20	24	17	22	17	21	19	21	16	23	13	27	15	27
200909 24	16	25	17	26	19	24	18	24	19	26	21	28	20	27	20	25	19	24	17	19	17	18	14	15	11	15	14	21	14	22	14	19	15	21	16	18	17	19	11	20	9	22	9	23	11	21	13	24	14	20	15	23	14	26	13	24	13	21	12	21
200909 48	16	25	17	25	17	23	19	24	19	25	20	25	18	25	18	23	19	22	19	21	18	20	15	19	12	15	14	21	14	21	14	19	15	20	17	19	17	23	12	20	8	21	9	23	11	21	14	23	13	20	13	25	13	26	13	24	11	22	13	21
200909 72	16	26	17	24	17	24	17	22	19	25	20	26	18	24	18	19	19	23	17	19	18	20	15	17	14	15	14	25	14	22	14	20	15	20	17	19	17	21	12	20	10	22	9	22	10	21	13	24	14	23	14	24	13	26	13	24	12	22	12	23
200910 24	13	26	13	26	13	24	13	26	10	24	12	17	12	17	11	14	11	12	11	12	10	12	10	16	10	20	9	19	9	18	8	22	8	18	11	20	7	14	7	19	10	15	8	20	9	18	10	15	10	18	10	12	8	10	10	15	10	13	10	14	9	14
200910 48	13	25	15	22	15	23	13	25	13	24	12	17	13	17	12	14	11	13	11	12	10	14	11	15	11	17	9	14	9	18	8	21	8	17	11	17	8	14	6	19	9	15	8	19	9	18	10	14	10	14	10	12	7	10	8	17	11	14	11	15	8	15
200910 72	13	25	14	23	14	21	12	23	12	22	14	19	12	19	10	16	12	14	11	12	11	12	10	14	9	15	8	15	8	16	8	21	8	19	11	18	5	14	6	20	9	17	7	21	7	18	10	15	10	14	10	12	7	10	8	16	10	13	11	14	9	14
200911 24	4	17	4	14	2	11	5	18	6	18	7	17	8	19	9	18	9	12	8	8	3	3	-1	3	-3	5	0	8	-2	0	-3	-1	-10	-1	-5	2	-4	1	-6	7	-4	6	-2	9	-1	9	0	13	0	11	3	7	0	3	0	3	-2	3	0	9
200911 48	3	16	-5	11	4	16	4	18	6	19	7	18	9	18	8	15	10	12	8	8	4	4	0	4	-4	4	0	5	1	2	-3	0	-10	-1	-6	1	-4	2	-2	4	-3	8	-3	8	-2	9	0	12	1	11	2	6	2	3	1	5	0	5	0	8
200911 72	3	15	-4	11	3	12	5	19	5	18	7	17	9	18	9	15	10	12	9	9	6	6	3	8	-1	8	0	4	0	1	0	1	-10	0	-4	1	-4	1	-2	5	-5	7	-2	8	-2	8	0	12	1	10	3	4	3	4	0	5	-1	7	1	7
200912 24	0	10	0	7	-5	8	0	8	-5	7	0	5	1	3	-3	6	-2	6	-2	7	-1	5	-1	1	-3	5	-1	1	-4	0	-3	3	-7	4	-4	6	-5	7	-8	1	-5	4	-5	10	-2	8	-3	6	-10	4	-3	1	-11	0	-10	3	-7	4	-8	3	-6	6
200912 48	1	7	1	8	-4	7	-1	7	-4	6	-1	6	1	4	-3	5	0	4	-1	6	-1	4	0	2	-2	5	-1	1	-4	0	-2	3	-7	1	-6	5	-4	6	-8	1	-5	3	-5	9	-2	9	-3	6	-10	4	-5	0	-12	0	-10	3	-7	4	-7	3	-6	5
200912 72	2	6	1	8	-3	5	-1	7	-4	7	0	5	2	5	-3	6	0	4	0	5	-1	4	1	2	-1	3	1	2	-1	1	-2	2	-7	2	-6	4	-4	5	-7	1	-3	5	-6	10	-2	8	-2	6	-9	4	-5	0	-12	1	-10	3	-7	4	-8	3	-4	5
201001 24	-5	10	-3	9	-3	11	-5	4	-5	5	-5	6	-2	7	-3	8	-3	8	-2	4	-4	3	-8	6	-8	4	-5	7	-1	6	-3	8	-2	10	-1	10	-1	11	0	1	-6	4	-4	3	-6	4	-3	9	-3	4	-3	9	-3	8	-2	8	-3	5	-3	9
201001 48	-4	9	-3	9	-3	10	-4	5	-6	3	-2	5	-2	6	-3	7	-3	7	-3	4	-8	5	-8	6	-9	4	-5	6	-2	7	-2	8	-1	9	1	10	0	10	1	1	-4	3	-6	2	-5	4	-5	8	-4	5	-3	8	-3	7	-3	8	-4	5	-4	9
201001 72	-5	8	-3	9	-3	10	-5	3	-5	4	-6	5	-4	6	-4	6	-3	7	-3	4	-1	4	-6	4	-8	4	-5	8	-1	6	-2	7	-2	10	1	7	1	8	2	2	-2	2	-6	1	-4	5	-5	8	-3	6	-3	3	-3	7	-5	5	-5	5	-4	9
201002 24	-4	8	-1	8	-2	2	-3	6	-2	8	-3	7	-2	10	0	12	0	9	-1	1	-5	-1	-5	2	-4	0	-4	-1	-7	-2	-5	-2	-8	-2	-8	3	-6	8	-4	11	-2	13	1	14	1	14	5	14	4	16	3	11	3	16	6	16	1	10
201002 48	-1	4	-1	6	-2	2	-3	4	-3	8	-2	6	-2	10	0	10	2	8	0	2	-4	-1	-4	0	-4	-1	-5	1	-6	-2	-4	-1	-8	-1	-9	3	-7	7	-4	10	-2	13	1	12	1	14	3	14	4	16	3	10	3	13	6	12	4	11
201002 72	-1	6	-4	8	-3	1	-3	3	-2	7	-2	7	-1	11	0	10	2	6	1	3	-4	-1	-5	0	-3	-2	-4	-1	-4	-1	-3	-1	-8	0	-8	5	-7	5	-5	10	-2	13	1	13	0	13	4	14	4	15	3	11	3	14	5	11	4	10
201003 24	1	10	4	4	2	4	2	9	0	6	-2	6	-2	6	-2	2	-8	4	-7	14	-1	17	3	19	5	18	5	8	0	7	0	16	4	22	7	26	8	24	3	15	4	21	6	9	0	4	4	10	-2	10	-1	12	2	19	3	15	8	16	5	16	6	8
201003 48	4	11	4	4	1	4	-2	7	-1	6	-3	6	-3	5	-5	6	-10	4	-7	14	-1	17	3	19	5	18	6	8	-2	9	-2	14	3	22	6	25	8	24	2	15	5	22	5	8	0	4	3	10	-3	11	-1	14	3	19	2	16	6	19	5	16	6	9
201003 72	4	10	5	5	2	5	-2	7	2	2	-2	6	-3	7	-2	5	-3	4	-8	14	-1	16	4	19	5	20	6	8	-1	9	0	15	3	20	5	26	8	25	4	17	5	20	6	8	1	6	0	8	-2	10	0	14	2	19	3	13	7	18	5	17	5	8
201004 24	1	11	0	15	5	17	4	22	7	19	5	14	4	13	3	17	6	20	5	14	8	19	7	11	2	4	0	8	4	19	5	23	9	21	10	14	9	12	11	12	9	16	6	17	2	19	7	15	8	16	9	16	7	24	6	22	8	24	10	25
201004 48	-1	9	-1	13	5	16	4	21	8	18	6	17	4	14	3	17	7	21	4	14	6	18	7	10	3	5	-2	8	4	18	5	22	10	20	7	21	9	13	9	16	8	16	7	18	3	19	6	15	10	16	2	21	2	21	7	23	8	25	10	24
201004 72	0	10	-1	11	2	14	5	21	8	19	6	18	5	16	3	18	6	21	5	16	7	19	6	9	4	7	-1	8	3	18	5	22	11	23	9	19	9	21	9	15	5	19	5	18	4	20	6	16	6	17	2	21	5	22	5	23	8	25	10	27
201005 24	12	29	15	29	17	18	14	28	14	24	9	20	10	22	12	24	11	20	7	24	10	24	14	15	11	14	11	19	12	19	13	16	10	21	9	19	11	22	11	18	13	22	12	28	14	31	16	30	18	28	14	18	12	22	12	26	14	27	16	23	14	17
201005 48	12	29	15	29	16	21	12	17	15	24	10	21	9	24	12	21	10	21	9	23	9	24	12	17	11	15	10	17	12	17	14	16	11	19	10	19	7	23	11	21	11	23	13	24	13	30	16	30	19	24	13	21	13	26	14	26	15	28	15	23	14	19
201005 72	11	28	14	28	15	27	13	26	14	18	10	23	9	24	11	23	10	20	8	22	9	24	12	21	10	16	11	20	11	18	13	17	9	21	9	19	7	22	12	21	12	23	12	27	11	28	16	29	16	19	13	17	13	27	14	29	15	28	15	20	13	19
201006 24	11	17	13	24	14	27	17	27	15	25	16	23	16	17	13	21	13	19	13	25	15	26	26	23	15	27	17	30	18	31	18	31	17	31	19	31	20	28	19	31	18	32	18	31	20	29	19	28	19	28	18	23	17	19	19	25	20	24	20	26
201006 48	12	21	12	23	13	26	13	27	14	26	16	22	17	18	15	20	13	20	13	25	15	24	15	21	15	27	16	29	18	31	18	28	17	29	18	32	20	30	19	31	18	30	19	31	20	28	20	26	19	28	18	24	17	22	18	25	20	25	20	27
201006 72	12	20	13	23	12	25	13	27	14	27	16	21	16	17	15	20	12	23	13	25	15	22	14	19	14	25	17	30	18	31	18	31	17	30	17	30	18	30	19	30	18	32	18	29	19	30	19	24	19	27	18	26	17	26	18	26	21	25	19	27
201007 24	21	28	21	29	23	28	20	28	21	33	22	32	21	29	22	28	21	23	17	28	19	29	19	30	19	27	20	22	19	25	20	27	21	28	19	25	18	31	19	30	19	28	20	27	21	25	20	22	20	23	21	26	22	28	23	29	23	31	23	32	24	31
201007 48	21	28	23	28	20	27	20	27	20	33	23	32	22	29	21	23	20	22	17	29	18	30	19	30	20	27	20	23	20	26	20	25	18	27	19	28	18	30	20	29	18	28	20	27	20	26	20	25	19	22	21	26	22	27	23	28	23	30	23	32	23	31
201007 72	21	26	23	28	20	24	20	24	21	32	22	32	22	30	22	26	20	22	19	28	19	28	20	30	19	28	20	26	21	25	20	26	19	27	18	27	18	29	18	29	21	27	19	27	20	26	20	26	19	24	20	25	22	27	22	27	23	30	23	31	24	31
201008 24	24	30	23	31	22	32	22	32	20	29	20	29	21	30	21	31	31	31	22	31	23	31	23	28	21	24	17	25	17	29	18	28	19	29	21	26	19	25	20	26	21	22	15	26	15	18	15	21	15	23	15	26	15	26	16	26	16	25	18	24	17	29
201008 48	24	30	23	30	23	32	23	31	20	29	22	30	21	31	22	31	22	31	21	29	23	29	23	29	22	25	18	24	16	28	17	28	20	27	21	27	20	25	21	28	20	22	16	23	15	19	14	20	14	22	15	25	15	26	16	26	16	24	17	22	17	27
201008 72	23	28	23	31	23	32	23	33	20	30	21	31	22	31	21	32	23	31	22	30	23	30	23	27	22	26	18	24	16	29	18	28	21	25	20	26	21	25	21	28	20	23	16	21	15	21	15	20	14	22	15	24	15	26	16	26	16	25	18	24	17	28
201009 24	17	28	17	27	16	26	17	25	16	20	16	21	15	23	16	21	16	21	14	27	14	27	15	26	16	24	16	23	16	24	16	25	16	25	17	26	17	25	17	27	15	18	15	18	12	15	12	14	11	14	13	19	12	20	13	16	14	23	12	16
201009 48	17	27	17	26	16	26	17	25	16	21	16	21	16	24	16	21	16	20	14	26	16	27	15	25	16	23	17	24	17	24	17	25	17	25	17	26	17	27	17	26	16	18	13	16	13	16	12	13	11	17	12	18	12	18	12	14	11	17	14	20
201009 72	17	25	17	26	17	26	17	25	17	20	17	22	15	25	16	23	16	20	13	26	16	26	15	25	16	22	17	23	17	25	17	25	17	26	17	27	18	27	17	27	17	19	13	17	12	15	12	14	11	18	12	19	12	18	13	15	11	16	12	16
201010 24	11	18	10	21	8	21	9	22	10	23	11	21	11	23	10	21	10	20	11	13	6	17	7	15	9	19	9	22	10	20	9	20	11	21	12	19	11	19	11	20	10	17	9	18	8	19	8	14	4	18	2	5	2	12	4	11	5	12	4	16	7	15
201010 48	12	20	10	21	8	21	9	22	10	22	11	19	11	23	11	20	11	21	11	16	7	15	7	13	8	17	9	21	10	20	9	22	12	20	12	19	11	19	11	20	10	17	9	18	8	18	9	14	4	9	2	7	2	10	4	11	5	11	5	16	5	16
201010 72	13	22	10	21	8	21	9	21	10	23	11	23	11	23	11	20	11	19	11	15	8	15	8	13	8	19	9	21	10	19	9	20	11	20	12	18	12	18	11	20	10	17	9	17	9	18	9	14	4	9	4	6	3	11	4	10	5	10	5	15	5	15
201011 24	5	16	4	18	5	18	5	18	7	17	5	17	4	16	3	19	5	20	6	20	1	14	2	15	3	11	1	13	1	11	2	16	2	15	3	13	-1	15	1	16	0	10	-1	10	1	14	0	11	0	12	2	16	2	11	2	12	2	15	1	14
201011 48	6	11	5	17	5	17	6	17	6	17	5	17	4	16	3	18	5	19	5	19	1	13	1	16	1	9	2	13	1	12	2	15	2	15	3	11	-1	15	1	16	0	11	-1	10	0	14	0	12	0	11	2	16	1	12	2	12	2	16	2	15
201011 72	7	13	5	13	6	17	6	16	5	16	5	16	4	15	3	16	5	19	5	19	1	13	1	14	2	10	1	14	1	12	1	16	2	15	4	10	0	15	1	15	1	12	-1	10	1	13	0	13	1	11	2	15	0	11	2	10	2	14	2	14
201012 24	1	17	-1	11	-1	12	1	12	1	11	-4	12	-3	14	-3	14	-2	13	-2	10	-2	8	-1	11	-4	6	-6	3	-7	10	-13	5	-7	8	-4	9	-2	8	-2	13	-3	11	-2	10	-4	7	-3	-1	-7	5	-8	7	-6	4	-7	4	-6	0	-12	1	-11	0
201012 48	1	16	-1	11	-1	12	1	12	1	11	-3	6	-3	14	-2	13	-2	13	-2	10	-2	9	-2	9	-4	6	-6	3	-7	10	-13	5	-7	8	-4	13	-3	7	-3	11	-2	11	-3	9	-4	7	-3	0	-7	4	-9	6	-6	8	-7	4	-6	10	-12	1	-11	0
201012 72	1	15	-1	10	-1	12	1	12	-1	11	-4	16	-4	10	-2	13	-2	10	-2	10	-2	8	-1	10	-3	7	-5	4	-7	-1	-12	5	-7	8	-4	12	-3	9	-3	11	-2	10	-2	9	-4	6	-4	0	-7	4	-9	5	-6	7	-6	6	-5	1	-12	0	-11	0
201101 24	-7	0	-8	-4	-5	-5	-10	-1	-12	5	-13	-7	-10	-4	-8	-3	-10	-5	-11	-3	-10	-2	-10	2	-4	8	-3	5	-13	-3	-10	0	-9	-1	-9	-3	-8	1	-8	0	-7	0	-6	2	-8	0	-7	2	-4	4	-5	1	-5	0	-6	-1	-12	0	-11	-3	-9	1
201101 48	-7	0	-7	-4	-8	-2	-4	-1	-9	-3	-13	-7	-13	-4	-8	-3	-12	-6	-11	-3	-12	2	-13	1	-9	2	-3	3	-10	2	-10	0	-9	0	-9	-2	-8	0	-8	1	-7	2	-7	1	-8	1	-6	2	-4	4	-5	0	-5	0	-7	2	-8	1	-10	1	-9	-1
201101 72	-7	1	-7	-3	-8	-2	-8	-1	-5	1	-12	-3	-10	-3	-9	-3	-12	-6	-11	-3	-11	0	-10	0	-10	1	-9	0	-5	0	-10	-1	-8	0	-9	-1	-8	0	-7	2	-7	3	-8	1	-8	0	-6	2	-5	3	-5	2	-5	0	-9	-1	-11	0	-7	3	-9	-1
201102 24	-8	5	-5	8	-5	9	-3	10	-2	11	2	10	0	11	2	10	3	4	-2	9	-1	6	-2	7	-5	5	-3	2	-5	2	-3	11	0	8	0	6	-1	5	-1	7	0	7	1	12	1	14	3	13	4	9	4	7	3	8	3	3
201102 48	-8	4	-5	6	-4	9	-3	9	-2	10	2	10	2	12	3	10	3	4	-1	6	-2	5	-2	6	-5	5	-8	3	-2	6	-2	10	0	8	0	5	-2	4	-1	7	0	8	2	10	2	13	3	13	5	10	3	6	3	8	3	4
201102 72	-8	3	-5	7	-3	10	-3	10	-2	10	2	9	3	11	2	10	3	4	-1	3	-2	5	-2	5	-5	5	-7	5	-5	4	0	10	0	8	0	5	-2	4	-1	6	0	7	2	12	2	12	3	13	5	12	3	5	2	5	2	4
201103 24	-4	7	-1	9	-3	5	-3	8	1	10	3	12	4	14	3	14	1	9	1	10	4	13	3	16	5	17	-1	6	-6	10	-3	11	-1	14	-1	10	1	5	0	2	-1	1	-5	5	-3	10	-4	8	-1	11	4	13	2	12	2	15	3	16	5	18	9	19
201103 48	-3	6	-1	8	-2	5	-2	8	1	10	3	11	2	12	3	12	1	9	1	9	3	12	3	15	5	18	0	7	-5	13	-3	13	-1	13	-1	11	2	6	1	2	-2	0	-6	4	-3	9	-3	9	-1	11	1	13	3	14	2	15	3	16	5	18	9	19
201103 72	-4	6	-1	7	-1	4	-2	7	2	11	2	10	1	13	3	10	3	13	1	10	3	15	3	15	5	18	1	5	-5	13	-3	14	0	14	-1	10	3	6	-1	2	-4	0	-8	3	-3	8	-2	7	-1	12	1	13	2	13	3	16	3	16	5	17	8	19
201104 24	10	17	8	11	4	11	4	14	6	15	7	16	5	14	5	18	6	21	8	22	0	14	7	21	11	26	13	26	14	24	11	23	11	25	8	22	9	22	11	21	13	24	10	25	10	27	11	29	11	30	14	30	13	25	13	25	16	30	13	24
201104 48	9	15	7	12	4	11	4	13	6	15	6	16	5	15	5	17	6	21	8	22	14	17	6	20	10	24	13	26	12	24	12	24	11	23	8	21	8	20	11	21	13	25	10	24	10	27	11	29	11	29	14	30	14	28	13	30	12	30	12	25
201104 72	9	17	7	10	5	9	4	13	6	15	8	17	4	14	4	17	6	22	7	21	9	19	8	21	10	23	12	26	13	18	11	25	11	23	8	21	8	19	9	21	13	24	11	23	10	28	10	27	11	30	13	29	15	29	14	29	16	31	16	28
201105 24	9	11	7	18	8	23	9	26	11	27	14	28	15	29	18	31	17	19	12	24	13	24	10	23	10	16	10	21	13	29	13	29	13	31	15	33	17	29	15	20	7	12	8	17	9	21	11	18	12	25	14	27	15	27	16	28	17	25	16	19	12	28
201105 48	9	12	6	17	8	23	9	25	11	27	15	28	16	28	18	30	15	18	11	24	13	25	8	22	10	20	11	22	13	29	13	28	13	31	15	31	17	29	14	20	8	10	7	18	9	21	12	19	11	24	14	27	15	27	16	29	16	26	15	26	12	28
201105 72	11	16	6	21	9	24	10	25	11	26	14	29	16	29	18	29	15	18	12	25	11	21	8	21	10	20	11	22	12	27	13	29	13	29	15	30	18	30	14	25	10	11	7	18	10	22	12	21	11	24	14	27	15	28	16	28	17	21	15	27	12	28
201106 24	14	26	15	25	15	25	16	27	17	24	17	32	18	34	19	32	18	21	16	30	17	27	18	29	19	28	18	28	18	29	18	28	19	20	16	25	18	26	19	21	20	21	20	23	18	33	19	33	19	29	18	26	17	29	18	29	19	29	20	29
201106 48	14	26	15	27	15	27	17	27	18	29	16	30	18	34	19	33	16	22	15	29	18	30	17	28	17	28	18	28	18	28	19	27	20	23	17	25	17	24	19	20	19	21	19	26	17	33	19	32	20	30	20	28	18	30	18	29	19	29	20	29
201106 72	14	28	17	27	15	28	17	28	18	30	17	32	18	34	19	33	17	27	14	30	18	32	18	29	17	29	17	29	18	29	18	30	18	22	18	26	19	25	19	23	19	22	20	28	18	33	20	33	19	29	20	29	18	31	19	30	19	29	20	29
201107 24	21	29	21	27	22	27	22	28	22	25	20	22	17	28	17	30	19	28	19	25	18	25	18	26	19	28	19	32	18	33	18	32	18	31	19	30	19	29	19	28	20	28	20	28	20	28	20	31	21	33	22	30	21	31	21	27	19	21	18	27	18	20
201107 48	21	28	21	28	22	28	22	26	21	23	18	22	15	27	16	30	19	29	19	24	19	27	18	27	18	27	19	29	19	32	18	31	18	32	19	30	20	30	20	30	19	28	20	29	21	29	21	31	22	33	22	32	22	31	21	25	21	23	18	27	18	23
201107 72	21	27	21	27	22	28	21	26	21	23	18	20	16	29	16	30	18	29	19	22	17	20	19	22	18	28	18	30	19	31	18	32	19	32	19	31	20	30	20	30	20	29	20	28	21	30	22	30	22	33	22	31	22	31	22	26	21	24	10	23	18	27
201108 24	17	24	17	26	16	24	17	23	16	27	17	29	19	31	19	32	20	31	20	28	19	28	20	28	21	28	22	30	22	31	20	27	21	28	19	22	19	26	20	25	18	22	18	24	16	25	17	27	17	29	17	27	16	26	16	25	18	25	19	27	20	29
201108 48	17	26	17	26	16	24	17	21	16	27	17	29	19	31	19	32	20	33	20	29	19	28	20	28	21	28	22	30	22	31	20	27	21	28	19	22	19	24	20	25	20	24	18	24	18	25	16	26	17	28	17	27	16	26	17	25	18	25	19	26	20	28
201108 72	18	26	19	26	16	24	17	21	16	27	17	29	19	31	19	31	20	35	20	31	19	28	20	28	21	28	22	30	22	29	20	27	21	28	21	26	18	21	18	25	20	24	20	26	18	25	18	26	18	27	17	28	16	26	18	25	19	25	19	26	19	27
201109 24	20	29	18	25	18	26	19	24	19	20	15	16	14	27	14	23	14	23	14	19	15	17	13	20	15	18	13	22	15	21	17	21	13	14	8	9	7	12	9	15	10	18	10	18	12	19	11	19	14	20	12	19	13	15	12	15	13	22	11	22
201109 48	20	29	18	26	18	25	19	24	19	20	15	16	14	19	13	22	15	23	15	20	15	17	14	20	15	20	15	23	16	23	18	19	13	13	8	9	8	11	9	15	10	18	11	19	12	18	12	19	13	19	12	19	13	17	13	14	10	22	11	22
201109 72	20	28	18	26	19	26	20	24	18	19	16	17	14	24	13	24	14	22	13	20	15	18	14	21	15	21	15	23	17	23	17	18	12	12	9	9	7	12	9	15	10	18	11	19	13	19	12	19	13	17	13	17	13	17	14	15	8	22	9	21
201110 24	11	19	10	16	9	15	9	18	10	22	10	22	11	22	12	19	15	19	15	19	14	19	12	17	8	21	6	19	4	20	8	23	10	21	8	18	9	14	9	16	9	16	11	12	9	15	6	14	6	10	7	14	8	16	5	16	4	16	6	15	8	15
201110 48	11	16	11	16	9	13	9	17	10	22	10	22	11	21	12	20	15	19	15	18	14	17	13	19	8	21	7	20	4	20	8	23	9	20	8	17	9	15	9	16	10	15	11	12	10	12	7	15	7	11	7	14	7	14	7	14	4	16	7	14	8	13
201110 72	11	17	11	14	9	12	9	16	10	21	10	21	11	21	12	20	15	19	15	18	15	18	13	18	8	21	6	19	5	20	8	22	9	20	9	17	9	15	9	15	10	15	12	14	10	12	8	15	7	11	7	15	7	14	8	15	5	14	7	14	9	13
201111 24	9	13	9	13	9	15	9	14	8	12	8	12	6	15	4	16	2	13	1	13	4	15	3	11	3	12	5	11	5	9	6	8	7	11	7	12	2	13	2	12	5	12	3	15	2	13	3	13	5	12	6	13	6	11	6	9	6	10	2	6
201111 48	9	14	9	13	9	10	8	14	8	13	9	12	9	13	4	14	3	14	4	14	4	15	4	13	5	9	5	10	6	9	6	8	7	12	6	12	1	11	1	11	4	9	3	14	13	12	3	10	5	11	6	13	6	11	7	8	6	8	1	8
201111 72	9	13	9	13	10	11	9	15	9	13	9	13	8	12	7	15	3	12	2	13	6	14	4	13	4	11	5	10	6	10	6	9	7	13	6	11	3	13	1	10	5	14	3	15	2	14	3	11	5	10	6	14	6	11	7	8	5	9	1	7
201112 24	-1	10	-1	9	-1	5	-1	5	1	4	-1	3	-4	4	-3	4	-4	3	-9	3	-6	7	-4	6	-4	8	-3	8	-3	6	-2	4	-4	3	-3	3	-3	3	-1	5	-2	4	-6	3	-5	5	-8	5	-4	4	-4	3	-3	4	-1	5	-2	5	-3	5	-1	8
201112 48	0	10	-1	11	-2	5	-1	5	1	4	2	3	-3	5	-6	3	-4	3	-9	3	-5	6	-4	6	-4	8	-2	8	-3	5	-6	3	-4	2	-3	4	-2	3	0	5	-2	4	-7	3	-6	5	-7	5	-5	5	-4	3	-3	5	-2	5	-1	6	-5	6	-1	7
201112 72	0	9	-1	10	-2	5	-1	5	1	4	1	4	-3	4	-6	5	-9	4	-9	3	-5	6	-4	6	-4	6	-2	8	-4	5	-6	4	-4	2	-3	3	-3	4	-1	3	-3	4	-7	3	-6	5	-8	4	-5	5	-4	4	-3	5	-3	4	-1	6	-2	5	-1	7
201201 24	-2	8	-8	-1	-10	-1	-9	-1	-6	4	-6	5	-4	6	-5	6	-6	4	-6	4	-5	8	-4	7	-3	7	-3	10	-3	10	-2	8	-5	5	-4	6	-1	5	0	4	-3	6	-3	7	-3	10	-5	8	-3	11	0	12	0	10	-1	13	1	11	2	9	2	13
201201 48	-3	8	-4	4	-11	-1	-9	1	-6	3	-5	5	-4	6	-4	5	-5	4	-6	4	-5	7	-4	6	-3	7	-3	7	-4	9	-3	8	-5	5	-4	6	-1	4	0	4	-2	5	-1	7	-3	10	-5	8	-3	12	-2	13	-1	11	-2	10	0	11	2	10	2	11
201201 72	-3	8	-3	4	-6	1	-9	0	-6	3	-5	5	-3	6	-4	5	-5	3	-6	5	-5	6	-6	6	-4	7	-3	7	-3	7	-2	8	-4	5	-5	6	-2	4	0	3	-3	4	-2	5	-3	10	-5	8	-3	12	-2	12	-3	10	-2	13	-2	9	1	10	2	10
201202 24	-2	3	-5	2	-6	4	-2	4	-2	7	-1	2	-8	0	-8	1	-6	1	-6	-1	-7	3	-4	3	-3	6	-3	4	-1	3	-3	1	-6	1	-6	1	-6	4	-2	6	-1	8	0	12	2	7	2	7	-2	4	-2	5	-3	4	-3	7	1	6
201202 48	0	4	-5	2	-6	5	-2	5	-3	7	-3	3	-7	0	-8	1	-7	1	-6	1	-6	2	-3	4	-3	5	-2	5	-4	1	-3	1	-5	0	-7	5	-7	5	-2	6	-1	8	0	9	3	8	0	4	0	3	-3	4	-2	5	-2	6	1	8
201202 72	1	5	-4	3	-6	5	-3	4	-3	7	-2	2	-6	1	-8	1	-5	1	-6	1	-6	3	-3	4	-3	6	-2	3	-3	3	-5	1	-5	0	-6	1	-3	6	-3	6	-1	7	1	9	3	8	2	7	-1	1	-2	2	-3	4	-2	6	2	8
201203 24	1	7	-1	5	-1	5	-1	7	1	6	-1	8	0	5	-1	3	0	6	0	8	1	10	1	11	3	12	3	12	6	13	4	17	5	18	4	16	5	15	7	11	7	11	0	10	0	14	2	16	5	18	8	17	7	13	2	13	2	14	2	17	5	19
201203 48	0	4	-1	4	0	5	0	7	1	7	-1	5	2	4	0	3	-1	4	0	7	0	6	1	10	3	12	4	12	6	13	3	16	5	17	6	16	5	15	7	13	7	11	0	10	2	14	2	16	5	18	8	17	7	14	7	15	0	15	0	17	4	19
201203 72	1	6	0	4	-1	4	0	7	1	8	1	4	1	6	0	2	-1	3	-1	6	0	5	0	7	2	12	3	12	6	14	3	15	3	17	6	16	7	15	7	11	6	11	1	10	2	14	2	16	5	18	8	17	7	14	7	15	4	13	2	17	4	9
201204 24	9	20	4	17	6	20	11	18	9	17	9	16	7	19	9	16	8	18	9	24	12	20	8	14	5	16	9	18	11	21	11	20	11	16	9	20	11	21	10	21	9	23	10	23	12	21	12	19	6	19	7	23	11	25	12	24	13	24	13	19
201204 48	8	20	7	18	6	20	8	18	9	20	7	19	7	19	8	14	8	18	10	24	8	11	6	14	7	13	8	19	11	21	9	19	9	16	9	20	11	21	10	21	9	23	10	23	12	23	12	19	5	19	7	22	10	25	12	24	13	22	13	19
201204 72	8	20	7	17	5	20	8	20	9	20	9	20	9	17	8	17	6	18	10	22	11	13	0	14	7	13	7	9	11	22	9	19	9	16	9	20	11	21	10	21	10	24	10	23	12	24	12	20	7	21	7	22	10	25	12	24	13	24	13	19
201205 24	14	19	14	18	13	19	13	21	14	22	15	23	17	26	17	28	17	30	17	27	16	24	10	17	9	18	9	24	11	24	11	28	13	25	13	26	14	28	15	26	16	19	11	22	14	20	13	22	12	23	13	25	15	26	16	21	13	26	14	27	14	21
201205 48	14	19	14	18	13	19	13	20	14	20	15	23	17	26	17	28	17	26	18	30	16	25	10	21	9	21	9	24	11	24	11	28	13	24	13	24	14	28	15	26	16	19	12	16	11	22	13	22	12	22	14	25	15	26	17	22	13	26	14	27	14	19
201205 72	15	19	14	19	13	19	13	20	14	21	14	21	16	26	17	28	17	25	17	27	16	27	10	21	11	23	9	24	11	24	11	25	13	24	13	24	14	27	15	27	16	19	12	16	11	21	12	19	12	22	14	25	15	28	17	22	15	26	14	27	14	25
201206 24	13	25	17	27	16	26	16	25	16	19	16	28	17	29	18	27	16	30	18	29	16	27	17	31	17	31	17	28	16	27	17	26	18	28	18	27	19	31	19	31	19	30	21	34	19	30	20	29	20	22	18	22	19	24	20	22	20	23	18	29
201206 48	13	25	16	26	18	21	16	25	18	21	15	30	18	29	18	29	18	31	20	30	16	27	17	31	17	30	17	29	16	29	17	28	18	22	18	29	19	31	19	31	19	30	19	30	21	33	20	29	20	27	18	22	19	22	20	23	20	24	18	29
201206 72	13	25	16	26	17	22	18	26	18	25	17	30	18	27	18	31	19	31	20	30	17	29	17	31	17	30	17	31	17	29	17	28	18	22	17	29	19	31	19	31	19	30	19	30	20	30	22	31	21	28	19	25	19	26	20	23	20	27	18	30
201207 24	19	29	21	26	20	28	19	24	19	13	18	28	20	26	21	24	20	24	20	30	22	32	21	27	21	34	21	30	21	29	20	27	21	26	21	26	20	27	21	28	21	27	19	28	18	26	17	25	20	27	21	28	21	29	21	30	21	30	22	29	20	25
201207 48	19	27	21	23	18	30	20	29	17	29	20	28	20	24	21	24	20	26	20	29	22	32	21	34	19	34	21	33	21	29	20	27	21	26	21	26	21	27	21	28	21	28	20	25	20	25	17	24	20	27	21	28	22	29	21	30	22	30	22	29	20	25
201207 72	19	27	20	23	18	30	20	29	20	29	20	28	20	26	21	27	22	25	22	29	22	34	21	34	21	34	20	33	21	29	20	27	21	26	21	26	21	24	21	28	23	27	20	25	20	29	19	28	20	27	21	28	22	29	22	30	22	30	22	29	23	25
201208 24	19	21	19	26	20	27	20	27	20	27	21	26	21	28	22	29	21	29	21	28	20	28	22	28	23	28	20	25	21	27	20	27	22	27	20	23	17	25	19	28	18	27	15	24	15	25	15	24	17	25	17	26	18	28	18	29	18	28	18	21	19	21
201208 48	20	28	19	27	20	27	20	26	20	27	21	27	21	29	22	29	21	29	21	29	21	28	22	28	23	28	20	24	20	27	20	27	22	24	19	23	18	23	20	27	17	25	18	26	15	25	16	25	16	25	18	26	28	26	18	30	19	29	18	26	18	20
201208 72	2	28	19	27	20	25	20	27	20	27	21	27	21	30	22	31	22	30	21	29	21	28	22	28	23	28	20	24	19	27	20	27	22	25	19	26	19	24	19	27	16	25	15	24	16	25	16	25	18	26	18	26	19	28	19	28	19	30	18	27	19	20
201209 24	18	19	13	23	13	24	14	25	16	25	14	24	17	20	17	23	17	21	16	18	16	19	13	23	9	23	10	24	9	22	14	19	11	22	13	26	13	24	14	20	15	22	15	24	13	19	15	18	15	19	14	18	15	23	8	21	10	22	11	23
201209 48	18	18	13	23	13	26	13	25	15	24	16	25	17	21	17	23	18	22	17	18	16	18	10	20	9	24	10	24	11	22	10	20	11	22	13	26	14	25	13	19	15	22	16	22	16	20	15	18	14	16	13	21	15	25	8	20	9	22	12	23
201209 72	18	20	14	23	13	26	14	25	14	24	14	24	17	23	18	22	18	22	17	20	16	23	10	21	9	22	11	24	11	23	14	18	12	17	14	26	15	24	15	20	15	22	16	22	16	21	15	20	14	14	11	18	15	25	10	21	9	20	12	23
201210 24	11	23	13	21	13	22	14	21	13	22	12	18	12	16	11	17	10	24	9	18	12	18	14	20	13	21	11	19	11	18	11	18	6	18	8	16	10	19	11	20	13	15	5	18	7	13	7	18	9	15	11	21	10	20	11	17	12	17	4	18	4	18
201210 48	11	23	14	20	13	22	14	20	14	20	12	18	12	17	12	19	10	21	11	19	11	15	14	20	12	20	11	18	11	18	9	18	5	17	8	17	10	19	12	20	13	15	6	18	7	16	7	18	9	17	10	20	10	20	11	17	12	17	4	18	4	17
201210 72	12	23	14	21	13	22	14	20	14	19	12	19	12	17	12	19	13	21	11	20	12	16	11	20	13	20	12	16	11	18	9	18	5	17	8	17	12	20	12	19	13	17	6	17	7	17	11	16	10	17	11	20	10	20	11	16	12	17	4	17	4	17
201211 24	6	15	7	16	0	14	-3	12	0	12	2	14	7	11	2	11	5	9	6	9	-2	12	3	14	3	14	3	12	5	8	0	13	3	14	4	15	1	11	3	10	5	12	5	6	-3	6	-2	6	2	4	-5	6	-2	11	-4	6	-3	8	-1	6
201211 48	4	17	6	16	1	13	-3	12	-1	12	2	12	7	12	3	12	5	10	6	8	-2	12	4	14	3	14	3	11	5	8	0	13	3	14	4	15	1	12	3	10	5	13	5	5	-1	6	-2	4	1	4	-5	6	-2	10	-4	6	-4	7	-1	5
201211 72	5	16	5	16	2	12	-3	12	1	12	2	14	7	10	4	12	5	10	4	9	-2	11	4	14	2	14	3	11	5	8	0	13	3	14	3	15	1	12	3	10	4	13	2	7	-3	6	-2	4	1	4	-5	6	-2	10	-4	6	-3	6	-1	5
201212 24	-1	8	-2	10	-5	6	-2	11	-4	7	-3	9	-4	7	-4	6	-4	6	0	10	-2	6	-3	4	-1	3	-2	8	0	8	-1	8	-2	6	-4	3	-3	2	-3	3	-3	1	-8	2	-13	-1	-7	2	-8	1	-6	2	-6	3	-5	2	-5	-1	-11	6	-7	8
201212 48	0	8	-2	11	-5	4	-2	11	-4	7	-2	10	-4	9	-3	6	-6	6	-2	10	-2	6	-2	3	-2	4	-2	6	1	7	-1	9	-3	5	-4	5	-4	1	-2	2	-2	3	-9	-1	-13	-1	-6	2	-7	0	-7	1	-6	3	-4	2	-5	-1	-11	4	-7	8
201212 72	0	8	-2	10	-5	6	-2	9	-3	7	-2	10	-4	9	-3	6	-5	5	-3	9	-1	6	-2	3	-2	4	-1	5	0	5	2	7	0	6	-4	4	-3	2	-3	1	-5	2	-7	1	-12	1	-6	2	-4	4	-7	-1	-6	1	-4	1	-6	-1	-12	4	-7	6