200804 24	18	31	16	29	17	22.3	10	27	12.8	28.6	14.7	29.8	17.3	26.8	13.4	24.4	13.4	24.4	4	23.6	12.2	262	6.1	20	11.5	23	15	32	14	31	16	34	18	29	15	28	15	28	15.5	31.9	16.2	27.5	16.7	29	15.9	30.6	17.5	33.5	19.5	30.3	17.6	27.5	20.5	22.7	16	31	19.3	25.2	13.8	20.9
200804 48	18	31	16	28	17.8	29	12	27	10	28	14.5	29.4	17.3	27.3	14.3	23.5	8	27.6	8	27.6	8	26.6	6.8	21.3	5.3	21.1	13	32	16	31	16	33	17	29	15	28	16	27	16	30	18	26.5	15.6	25.7	19.3	29.5	16.8	25.5	19.7	33.8	18.7	23.7	17.9	28	15.3	28	16.7	27.7	13.1	29.6	14.5	31.2
200804 72	18	31	16	33	17	28	15	29	16	28	17	31	17.3	23.5	15.6	21.5	8	27	13.6	30.6	13.6	30.6	4.3	23.4	5.9	22.3	7.7	25	17	32	18	29	17	32	16	30	16	27	15	28	18	29	15.8	31.4	17.2	29.2	18.6	30.4	16.5	27.9	17.8	29	14	29.5	18.3	31.7	16.3	32.3	18.1	31.9	16	32.7
200805 24	18	31	16	29	17	22.3	10	27	12.8	28.6	14.7	29.8	17.3	26.8	13.4	24.4	13.4	24.4	4	23.6	12.2	262	6.1	20	11.5	23	15	32	14	31	16	34	18	29	15	28	15	28	15.5	31.9	16.2	27.5	16.7	29	15.9	30.6	17.5	33.5	19.5	30.3	17.6	27.5	20.5	22.7	16	31	19.3	25.2	13.8	20.9	17.3	30.9
200805 48	18	31	16	28	17.8	29	12	27	10	28	14.5	29.4	17.3	27.3	14.3	23.5	8	27.6	8	27.6	8	26.6	6.8	21.3	5.3	21.1	13	32	16	31	16	33	17	29	15	28	16	27	16	30	18	26.5	15.6	25.7	19.3	29.5	16.8	25.5	19.7	33.8	18.7	23.7	17.9	28	15.3	28	16.7	27.7	13.1	29.6	14.5	31.2
200805 72	18	31	16	33	17	28	15	29	16	28	17	31	17.3	23.5	15.6	21.5	8	27	13.6	30.6	13.6	30.6	4.3	23.4	5.9	22.3	7.7	25	17	32	18	29	17	32	16	30	16	27	15	28	18	29	15.8	31.4	17.2	29.2	18.6	30.4	16.5	27.9	17.8	29	14	29.5	18.3	31.7	16.3	32.3	18.1	31.9	16	32.7
200806 24	14.3	28.2	9.7	29.3	18	34	17	28	19	33	17	28	17	29	15	31	14	31	18.6	30.2	18.4	28.5	18.7	31.9	19.6	30.5	17.5	25.7	17	27	17.6	23.5	18.7	29.5	20	28	22	28	21.5	28.8	21	27	23	29	21	35	25	34	22	36	23	36	23	35	23	36	23	32	21	33
200806 48	17.4	32.4	18.3	31.2	13.7	32.3	19	33	20	29	18	30	17	29	18	31	15	32	15	33	18.8	30.6	18.8	28.4	20	30	20.5	26.6	19	27.8	18	29	19.5	26	21.4	28.8	21.8	28.5	21	30.6	21.4	30.4	21	32	18	30.1	23	35	19	37	22	37	22	37	20	35	23	36	21	33
200806 72	18	33.3	18.4	30.9	11.3	30	12.9	31.7	20	31	17	32	17	33	21	28	19	34	15	33	16	34	18.6	28.3	18	26.3	20.7	26.3	18.7	26.8	20.2	32	18.3	28.6	20	26.6	21.2	27.7	21.8	31.6	22.4	29.4	19.6	28.5	21	35	18.8	33.9	20	36	20	33	20	35	21	36	22	34	22	31
200807 24	21	30	22	39	24	33	25	34	18	35	26	36	24	33	21.4	31.6	22.4	32.7	23.2	35.2	25	29	26.3	33.6	24.6	28	24	26.2	24	26	24	27	23	31	19	33	25	29	23	27	21	24	21.2	21.6	21	28	23.5	29.5	24	30.6	26.6	29.7	27.6	31	27.3	33	27	29	27	28	26	26
200807 48	21	30	22	30	23	33	22	34	23	36	24	34	23	34	23	32	22.8	33.6	23	35	22.7	28.9	23.6	32.5	23	25.6	22	28.7	19.5	27.5	22	27	23	33	20	32	23	30	21	29	22	25	19	28	22	32.8	24.6	31.1	23	32	23	32.2	23	31.8	24.3	32	23.2	27	24	25	24	24
200807 72	21	30	22	31	24	33	23	36	24	39	24	39.5	23	34	24	33	23	31	24.3	32.3	23.8	29.3	22.3	27.8	24.6	29.9	22.5	26	20.4	29.2	22.8	28.5	24	28	21	31	14	30	23	29	22	30	22	27	23	31	23	33.6	24.5	33	23.4	31.4	22.9	31.1	23.2	31.6	24	28.8	19.6	27.2	20	23
200808 24	24	27	28	31	22	31	19	30	20.2	27.5	21.2	26.2	21.9	27	21.2	31	23	28.7	21.2	33	20.7	28	20	27	20	29	19.2	27.8	19.3	23.2	18.2	27	17	28	22.2	31.2	21.6	30.8	21.5	25	21.2	32.8	18.6	33.1	18.5	30.8	20.2	31.1	19	30.6	18.6	28	21	28	19	21	17.8	28.6	17	27.6	15.4	25.6
200808 48	23	26	20	30	21	34	22	29	22	29	21.7	30	21.6	27.2	22	31.2	22	30	20.6	30	19.6	30.3	19.3	27	18	29	21	30	20.5	26.7	17.6	22.5	19.3	25	21	29	20.3	26.8	20.4	25	18.9	23.7	18.7	29	19.2	26.8	19.3	27	18.8	28.2	20	28	21	28	19	21	18	24	15	22.7	13.5	26
200808 72	22	28	21	31	20	30	23	31	22	28	21	29	21	27	22.6	31.2	21.6	30.3	20	32	21	30.8	19.2	30.4	19.3	28.4	19	30	21	30	20.7	28.3	18.5	22	20	25	21.4	26.4	21	28	18	23.2	17.2	27.3	19.2	31.6	19	31.9	18.6	34.2	18.9	27.3	20.8	27.6	19	21	18	23.5	16	23	15	30
200809 24	16.8	24	17	22.6	15.3	29.3	20.2	31.8	17	31.4	16.2	29.6	19	23.6	19.4	23.3	18.8	26.4	14.4	20	18.8	22	11.2	25	20	26.4	17.3	22.4	17.3	29	13.5	24.5	15.7	23.6	18	25	19.4	21.4	16	20.5	18.3	24	19.2	19.8	17	19	20	21.3	18.4	19.5	16	15.3	15	14.3	13.5	15.8	12.5	18.4	15.6	21.2
200809 48	17	27	17.6	27.2	16.2	25.4	20.2	31.8	18.6	29.3	17.2	26.8	17.5	23.7	19.2	24.7	18.1	25.3	16	23	15	26	16.8	24.3	9	23	17	25	18	25	17	23	14.4	24.7	14.7	25.5	17.7	25	18.1	25.8	18	25	21	27	19.3	24.5	19	23	18	21.5	14.7	18.5	14	18.8	14.8	17.2	12.9	19.2	13.3	21.1
200809 72	15.5	25	17	25	17.4	30	15.7	28.6	18.6	29.3	17.9	30.5	17.3	25.2	17.7	24.8	18.1	23.4	17	22.3	16	27	15	26	17	23	10	21	17	28	17	25	15.6	27	13.2	24.2	14.4	26.6	19.3	26	20.6	26.4	18	24	19.3	23	19.2	23.2	17	22	17.4	17.2	14.1	17.4	14.5	18.6	14.6	16.7	13.5	18.8
200810 24	14.4	21.9	15	23	12	24.3	15	26	10	19	12.5	17	11.9	17.2	11.3	20	12.6	20.4	9.7	14.7	10.5	13.4	10	22	11.4	23	10.4	23.2	15	21	14	22	12	19	11	21	14	18	13	19	11.6	19	12	19.5	3.4	12.6	8	17	8	15.8	9.4	16.3	10	13	10	16	11	18	11.1	16.5	7.2	15.4
200810 48	13.2	21.4	14.8	18.6	15	21	14	25	10	19	11	20	13	17	12.2	16.7	11.4	15.5	11.5	15.6	7.2	14.3	10	17	11	26	12	24.8	12.5	21.8	12	23	11	19	11	20	11	19	13	20	9	20	10	17	3	11	6	13.8	7	17	8.3	20	10.9	19	11	18.5	11	17	11	16.9	7.8	16.7
200810 72	14	21	15.7	18.6	12.1	25.3	13	21	10	19	11	20	12	19	12	18	10.6	17.6	9.4	14.4	7	15.6	9.4	17.7	8	21	12	27	12.7	20.2	12	21.1	11	19	11	19	11	18	11	18	13	21	6	14	5.6	15	5	12	5.7	15.3	8	18	8.3	17.7	8.8	16.4	10	19	10	17	8	15.8
200811 24	0.5	14	7	18	8.6	13.8	9.6	17.2	10	17	5	15	6	18	3.3	17.7	6.5	13.6	5.3	12	8	11	6.4	13	8	9	4	8	8	11	1	5.7	3.4	10.4	-0.2	9.7	1	8.9	1	9	3	10	2	9.9	2.5	11.6	1.8	10.9	1.9	8.9	-0.4	16	-3	10	-1.1	12	-8	11.7	-1.3	13
200811 48	1.8	10.5	7.5	17.2	8	16	9.2	17.7	11	15	8	17	6	16	7	16	3.2	16.7	5.3	10.5	6.2	13	6	12	7	10	4	10	5	7	2	9	3.4	10.4	1.5	9.8	1.3	8.5	2	9	2	10	5	11	2.5	11.2	1.5	11	2	9.2	-1	15.8	-2	7	1	12	-0.7	9.4	-1	10
200811 72	-0.2	14	7.1	18.8	8	17.6	7	17	8	21.4	5.6	19.4	4	19	6	16	6	15	5.3	10.9	7	12	6.5	10	7	8	5	9	6	11	2	8	2	13	1.5	9.8	0.5	9.5	2.1	8.9	2	10	3	9	4	11	1.5	11.1	2	8.5	-0.8	15.2	-2.5	8.9	0	13	-0.7	12	-0.1	14.8
200812 24	6.7	18.6	-0.3	7.2	2.5	10.6	-3	4	-3	1.2	-2.2	4.5	-1	10	-1.6	12.6	-1	6	1.6	15.5	1.5	9.2	1	13	-1	14	-0.8	5.2	-2.7	7.4	1.5	10.5	2.2	9.1	1.6	5.3	4	10.2	4.6	8	-1.6	1.9	-7.5	-0.5	-5.2	4.4	-3	10.4	-2.6	4	-3.6	-0.2	-1.8	2.3	-0.6	2.1	-3.7	1.5	-5	1.9	-5.3	1.4
200812 48	9.4	19.5	1	13	3	7	-3	5	-3	8	-0.5	5.4	-0.7	12	-1	9	-0.5	6	1	15.8	1.8	12.5	0.9	14	-0.7	14	-1	6.1	-1.7	8.9	-0.3	7.2	4.2	8.5	3.2	8.2	5.2	11.4	3.6	11.8	0.7	3	-4	1.3	-3.6	6	-3	8	-1.8	7	-0.5	2.4	-0.9	5.2	-1.9	3.8	-2.6	2.7	-5	0.4	-5	0.7
200812 72	8.4	19.1	3	12	3	8.6	-4	14	-6.7	2.3	-3	6	-1.2	6.9	-0.8	7.5	-1	6	-1	9.4	2	11.6	1.3	11.2	-0.7	14	-0.9	5	-2.1	9	-3.4	7.5	1.8	7.2	2.2	8.4	6.4	8.2	6.4	7.6	1.1	3.4	-7	1.3	-3.8	7.6	-1.8	11.9	-1.8	7.3	-4.6	6.6	-1.6	5.6	0.5	4.3	-3.3	0.7	-5	2.3	-5.8	1.2
200901 24	-3.7	2	-1.9	5.2	-5	4	-3.9	0.9	-3.2	2.1	-3.7	3.1	-5.3	8	-4	10	-5	4	-3.3	5.5	-5.3	1.5	-6	1	-6	6	-3.7	6.7	-3.2	6.5	-2	8	0	20	-2.1	7.9	-0.5	5.6	2.7	9.2	-1.4	9.3	-3	7	-8	-1	-8.2	-0.4	-3.8	12.1	-1.6	9.6	-2.5	8.2	-1.1	10.2	-2.6	9.3	-1.3	9	0.8	7.2
200901 48	-4	2	-2.4	4	-2.1	7.4	-3	4	-1.6	3.4	-2.2	2.4	-2.4	7	-4.3	9.2	-6.1	1	-4	5	-5.3	1.5	-6.6	3.5	-7	4	-5	9	-3.6	5.4	-4.5	11.3	1	14	-1	2	0.1	3.9	1.8	9.4	-0.3	7.2	1	8.5	-5	2	-6	1	-5.8	8	-0.9	5.6	-1.8	9.4	-1.2	12	-0.4	9.9	-0.7	7.9	-1.7	14.3
200901 72	-5	3	-2.6	5	-0.7	7	-1.7	6.7	-4	3	-1.8	5.9	-2.9	3.7	-4.4	6.8	-7.6	7.1	-6	5	-3	9	-6.6	3.5	-5.2	6.7	-5	9	-6	6	-2.7	11.2	-1.3	13.5	-2	6	-3	2	1.8	7.7	1.1	6.9	-1.4	5.7	-1.9	0	-8	2	-4	5	-2.8	11.4	0.7	8.5	-1	8.7	2.1	7.2	1.5	10.6	1.3	7.8
200902 24	1	10	1	13	0	11	2	13.4	2.2	12.9	3	9	4.6	8.5	3.6	10	1.9	13.9	0	16	4	13	4	16	4	12	6.6	15	2.6	4.8	3.3	6.6	4.9	8.3	5	7.7	4	8.2	-1	8	-1	13	2.6	10.8	1.2	11.2	-0.4	11.2	0	2.8	0.4	3.7	0	6	2	11
200902 48	-0.4	9.9	2.8	12	0	8	1	7	2.3	12.5	4.1	10.7	0.1	8.8	3.6	13.2	-0.7	12.5	5	13.8	4	12	6	17	4	13	1	10	1.4	5.1	-1.1	1.7	3.6	8.7	4.7	13.4	5.4	10.1	0	6.7	0	11	5	15	1.2	11.2	1.5	8.8	0.9	9.9	0.4	3.7	-0.1	4.6	0	7
200902 72	1.2	9	4.1	11	0	10	2	10	2	11	2.8	13.8	2.7	11	0.7	8.9	2.6	12.4	2.5	14	2.8	9.4	9	8	7	10	3	7	1	7	-0.3	16	-0.3	5.2	1.3	7	4.8	11.1	0.2	7.9	-2.1	8	4	11	2	9	1.5	8.8	2.5	8	0.6	3.6	-0.1	4.6	-1.5	6.4
200903 24	1	6.8	0.5	1.9	2	11	3	16	-0.2	11.4	1.8	9	2.6	12.9	2.9	18	2.7	16	6.9	15.5	8	10	4	10	-0.4	9	2	16	5	18	5.3	21	6.5	23	9	25.7	10.8	25.5	10.5	19.1	12.7	25.2	6.5	16.1	8	19	9	23	7	15	8	12.4	4	9	4	13	9.4	22.4	5.5	13.7	6.8	11
200903 48	4	9	1	5.7	-0.5	7.6	2	14	3	10	2.2	11.7	3.5	15.2	8.5	18.3	8.1	19.1	6.5	16.6	7.3	9.5	6	8	0	13	-1	13	5	19	5	21	12.6	23.9	12.9	24.3	15.3	24	12.9	23.4	10.6	23.2	10.8	13.8	11.4	15.6	8	21	7	14	8.7	15	5.2	11.3	3	16	5	17	6.6	9.9	7.5	10.5
200903 72	0	9	2	6	-0.9	5.1	0.4	10	5	12	4	8	0.9	13.2	2.5	19.4	8.2	17.1	7.5	16	6.6	14.9	7.7	6.3	-2	9	-3	15	1.5	18	6	22	9	26	13.5	23.8	13.8	23.7	13.3	19.3	12.4	19.3	9.5	14.7	8.8	12.4	9.8	16.4	8	17	7	14	7.4	13.4	5.8	14.2	6	17	3	14	1.5	8.9
200904 24	5.2	9	4.6	9.8	7.7	20.7	8	16	10	20	8.2	19	7.4	25.7	12	22	14	18	12.4	22.5	11.4	21.7	14.7	23.6	14.2	32	16	28	13.7	28.3	13	22	14	20	11.6	27.2	14	25	11	26	12	24	10.7	23.2	10.6	26.2	9.3	21.2	11	18.2	11.8	23	12.3	22.7	13	22	14	27	13.7	22
200904 48	4	11	2	13.4	6.5	15.4	9.6	20.3	7	22	8	23	6.9	26	9.7	25	13	20	11	22	14	28	14	18.3	12.7	28.2	13.7	28.8	15	28	13.8	26.3	16	26	13	23	15.5	23.6	13	22	11	24	12	26	13.2	24.3	12.7	20.6	10.8	21.7	11.2	23.8	12.8	24	11.3	26.4	11	24	12	27
200904 72	3.6	9.8	5.3	10.7	3.9	15.9	6	20.7	8.2	21.7	9	23	9	25	9.7	23	11	22.3	12	20	12	26	13.6	28	12.6	22.5	11.9	26.5	12.7	31.4	13.6	27	13.3	25.3	14	23	12	27	12	27	10	23.8	14	24	14	22	14.2	21.7	10.4	21.6	11	21.8	11.2	24	11	25.3	10.4	25.1	12	22
200905 24	9.3	26.6	11.2	26.3	12.8	28.4	14.3	24.6	15	29	15.8	26	16	24.8	17.3	28.4	17	29	16	27	17.7	23	14	25.7	15	22	17	24	15.4	23.3	14	30	13	28	12	27	14.1	27.7	14.3	29.4	17	29.6	15	25.4	13	23.7	15.4	25.3	15.3	21.6	18	22	16.2	20	14	24	16	28	16	29	18	29
200905 48	7.7	28	11.5	26.5	13.7	29.5	13.5	27.5	16.5	31.7	16	29	17.6	28.4	17.8	27.6	18.5	29.7	17	26	17	21	13.6	16.2	14.7	17.8	14	18	14	25	14.6	29.3	15	30	15	31	15	31	15.7	29.5	17.7	25.3	16.6	21.8	16	27.4	17	24.6	14.3	20.8	17.5	21.3	15	25	14.7	21.4	15	24	16	30	16	29
200905 72	13	26	10.4	27.3	12.7	26	12.5	28.9	16	30.8	16.8	27.8	16	27	16.8	26	14.5	25.4	16.8	29.4	14	26	15	28	13	18	13.3	16.3	13	20	16	27	17.6	29	18	25	16	32	16	31	15	25	14	22.7	15.3	22.7	17.4	26.2	16.3	25.7	14.5	20.2	13	17.7	14	20	13.3	29	14	29	16	31
200906 24	17	30	18	34	18.7	35	20.3	36.5	20	36	17	31	20	30	19	27	21.7	28.3	20.4	30.6	20.9	29.9	8.6	34.3	19.5	27.4	19.5	39.2	21.3	33.7	23.2	34.6	21	30	23	31	23	28	16	28	21	34.4	24	34	21.6	37	21	37	23	36	24	29.7	24.8	34	22	32.6	25	32	21.5	37
200906 48	16	33	18	33	18	34.5	17	36.6	18.9	25	19	28.5	19	32	18	30	18	32	19	31.1	16.8	33	15	34	17.6	35.5	20	35.5	20	37.6	21	33.7	22	32	22	28	18	31	16	33	20	34	19.7	35.6	20	34	21	35.7	22	34	23	29	23	27	21.7	28.7	20	31.8	18	37
200906 72	17	33	18	35	20	32	19.5	32.3	20	33.3	20	29	18	31	16	32	18	34	18	34	19	34.3	18.5	31.3	19.5	34.8	19.2	34.3	19.6	32.4	21.1	29.8	21.5	30	22	31	19	26	18	31	19	28	21	35	19	37.6	20	37	19.6	31.2	21	31	22	29	19	30	20.8	30	18.8	31.2
200907 24	22.3	39.4	23.6	34.8	28.1	30.4	24.4	31.3	23.8	32.5	25	34.6	27	29	20	23	23.7	28.4	24.8	32	18.5	29.3	26	35	21.8	29.7	22.3	30.8	23.2	28.2	22.8	31.8	20	32.8	21	30.7	23.6	31.9	29	33	23.7	26.5	26	30	31.4	33.6	31.1	33.1	29.6	31	20	31	19.7	33.6	22	32.8	22.6	31.4	23.6	25.6	22.2	23.2
200907 48	23	40	22.7	36.6	22	27.5	21.8	24.2	23.3	33.2	23.6	30.7	23.4	27	24	29	18	28	21.9	26.5	20.3	25.4	24.5	28.3	24	36	21	30.3	21.8	26.2	23	31.8	24	33.8	23	32	23	30.5	23.2	30.8	22.1	25.6	20	27.5	19	36	22.4	32.5	23.4	28.7	21.3	31.8	21	32	18.8	27.7	21.5	30.7	22.3	29	20	28
200907 72	22	36	23.3	36	23.3	28.8	21.8	26.3	22.8	27	25.4	34.8	20.7	25	21.3	23.7	21	28	19	31	23.4	29.7	23.2	29.8	24	28.7	28	36	22	29.5	22.7	28.8	24	32	24.2	34.2	23.3	33.3	24	30.8	23	26.8	23	27	17.8	30.7	21	33	19.9	31	20.9	29.6	19	30.3	19	30	21	27	22.5	28	22	26
200908 24	22	26	23.8	27.6	19	23	17.7	22.2	17.8	30.5	18	31	20.4	30.4	21	27	20	26	20	29	21	28	20	31	20	33	20	32	21.5	30	21	26.3	21	25.8	21	26	18.6	26.2	19.6	22.8	21.2	25.7	21	29	20	27.2	21	28	21.5	25	20	27	18.5	30.5	17	23.2	16	23	15	24	17.7	25.8
200908 48	21.3	29.5	23	28	22.2	23.9	21	25	21.2	28.5	20.9	31.2	22	26	22	26.5	22	26	20	29.5	21	26.5	21	31	21	33	21	31	21	29	22	30	22	30.3	21.3	28.6	20	25	20	26.4	20.7	25.3	20.3	25.6	20	26	20.3	26.6	20	25.7	18.8	24.6	18	26	20	26	18	25	16	25	17	25
200908 72	22	23	21.6	27	20	27	21.7	25	21	26	21	31.3	21	30	22	26	21.2	25.4	20	32	20.6	38	21	30	20	29	21	30	22	30	22	28	21.5	27	21.2	30.4	20	26.6	21	27	21	28	20.2	24.4	19.6	25.7	19	27	20	25	18	25.4	18.5	27.5	19	27	19	23	16.7	23.2	15	23
200909 24	20	22.8	21	24.4	18	23	19.3	26.6	20.2	26.7	22.4	28	22	26	21.1	25.2	20.4	25.3	20.8	23.4	19	24	15.7	17.2	16.7	17.4	17	24.6	18	22	17.3	21.2	17	23.6	18.4	21.7	18	22	13.2	23	13	25	14.7	24.6	16	27	18.5	25.3	16	24	16.2	25.7	15.4	27.4	18	28	16.5	27.4	16	24
200909 48	19.5	28.2	20	27.6	19.3	27.8	21	28	20.5	27.5	21	27.7	21	28	21	25	10.4	26.6	20.2	25.6	19.5	22.5	15	20	15	19	17.6	24	18.7	24	18	23	18.3	20.6	17.5	20	17	23.5	13	21	13.2	25.5	14	28	13.8	23.7	16	22	16.3	20	14	21	14.6	25.2	12.4	24	15	22	13.3	21.4
200909 72	17	25	19	26.4	20	23.3	19.2	28.2	19	30	20.7	28.8	21	29	21.5	28.9	21	25	20	25	19	24.5	18.6	21.6	18	21	16.5	22.6	16.8	24	18	23.2	19	21	18	20.8	16.3	22.8	15.5	19	13	22	13.6	25.5	16	26	15.3	21.5	17	22	15	24	13	25	15.5	26.4	14	21.4	17	22
200910 24	16.2	23.4	16	22	15	29	13	30	14	24	16	22.3	16	21.3	15.3	18	11.8	17	12	16	11	14.3	9.6	16.7	11	20	12	19	11	19	9	23	9.2	16.7	9.3	23	8.2	18.2	7.7	22.4	9	21	11	20	10	19	11	19	10	18	9.7	19.7	11	16	10	20	13	20	12	18	9	20.6
200910 48	16	20	13.7	22.2	13	22	16	31	12	26	15	22.3	15.4	20.5	15.7	18.2	11.6	16.4	11.5	19	10	15.6	10.2	16.8	10	17.5	8	18	10	18	11	20	7	18	10	19.5	9.2	17.2	8.3	20.8	8.4	18.8	8	23	7	19	7	18	9	18	9	17	8	18.5	8	20	11	16	10	18	8	17
200910 72	14.7	21.7	16	23	14.8	22.5	15	21	13	23	15	20	15	21	14	19.7	13.5	19	11.8	17	12.6	18	11.7	18	10.5	16.5	8.7	16.4	9	20	8	20	6	19	9	21	6.4	21.5	7	20	8.2	19	8.5	19.2	10	17	9	19	11	19	8	14	8.4	14.4	10.3	18.4	9	20	11	18	10	19
200911 24	6	15	3	5.5	5	17	6	16	8	20	7.3	15.6	8	18.5	6.8	16.4	6	13.5	8	9	3	4	2	6.7	0	9.2	5	12.7	2.7	3.7	-2	1.1	-2	2.7	-3.7	6	-1.2	4.5	-1	12	-1.3	7.6	-2	6.3	-0.2	11.6	1.3	15.5	2.8	8.7	4.3	10.1	1.5	6.6	1	6	0	7	0.9	11.5
200911 48	5.5	15	1	10	4	11	7	23.5	5	18	7.5	18	8	20	9	20.2	9.2	18.6	10.3	12	9	12	1	8	0	6.3	3.7	11.2	5.5	7.6	3.8	6.2	-0.3	6	2.4	7.4	1.5	7.3	2.2	9	0	9	-2.6	7	0.5	11.5	1.2	13.2	2.8	15	4.6	7.5	2.7	8	1.4	8	3	10	1	9
200911 72	5	14	1	10	2	13.6	4.8	19.7	8	20	8	16.7	9	19	10.2	20.3	11	17.8	10.4	13.7	8.7	12.8	4	11	1	8	2.3	8.3	3.3	7	2.6	8.6	3.5	6.4	-0.7	5.1	-0.3	8.7	-0.8	9.4	1	10.7	-2	10	-0.6	14.4	-0.3	12.2	3.2	11.8	4.7	8.3	2.7	6.3	3.7	7.7	0.3	7.4	2	10
200912 24	6	15	3	5.5	5	17	6	16	8	20	7.3	15.6	8	18.5	6.8	16.4	6	13.5	8	9	3	4	2	6.7	0	9.2	5	12.7	2.7	3.7	-2	1.1	-2	2.7	-3.7	6	-1.2	4.5	-1	12	-1.3	7.6	-2	6.3	-0.2	11.6	1.3	15.5	2.8	8.7	4.3	10.1	1.5	6.6	1	6	0	7	0.9	11.5
200912 48	5.5	15	1	10	4	11	7	23.5	5	18	7.5	18	8	20	9	20.2	9.2	18.6	10.3	12	9	12	1	8	0	6.3	3.7	11.2	5.5	7.6	3.8	6.2	-0.3	6	2.4	7.4	1.5	7.3	2.2	9	0	9	-2.6	7	0.5	11.5	1.2	13.2	2.8	15	4.6	7.5	2.7	8	1.4	8	3	10	1	9
200912 72	5	14	1	10	2	13.6	4.8	19.7	8	20	8	16.7	9	19	10.2	20.3	11	17.8	10.4	13.7	8.7	12.8	4	11	1	8	2.3	8.3	3.3	7	2.6	8.6	3.5	6.4	-0.7	5.1	-0.3	8.7	-0.8	9.4	1	10.7	-2	10	-0.6	14.4	-0.3	12.2	3.2	11.8	4.7	8.3	2.7	6.3	3.7	7.7	0.3	7.4	2	10
201001 24	6	15	3	5.5	5	17	6	16	8	20	7.3	15.6	8	18.5	6.8	16.4	6	13.5	8	9	3	4	2	6.7	0	9.2	5	12.7	2.7	3.7	-2	1.1	-2	2.7	-3.7	6	-1.2	4.5	-1	12	-1.3	7.6	-2	6.3	-0.2	11.6	1.3	15.5	2.8	8.7	4.3	10.1	1.5	6.6	1	6	0	7	0.9	11.5
201001 48	5.5	15	1	10	4	11	7	23.5	5	18	7.5	18	8	20	9	20.2	9.2	18.6	10.3	12	9	12	1	8	0	6.3	3.7	11.2	5.5	7.6	3.8	6.2	-0.3	6	2.4	7.4	1.5	7.3	2.2	9	0	9	-2.6	7	0.5	11.5	1.2	13.2	2.8	15	4.6	7.5	2.7	8	1.4	8	3	10	1	9
201001 72	5	14	1	10	2	13.6	4.8	19.7	8	20	8	16.7	9	19	10.2	20.3	11	17.8	10.4	13.7	8.7	12.8	4	11	1	8	2.3	8.3	3.3	7	2.6	8.6	3.5	6.4	-0.7	5.1	-0.3	8.7	-0.8	9.4	1	10.7	-2	10	-0.6	14.4	-0.3	12.2	3.2	11.8	4.7	8.3	2.7	6.3	3.7	7.7	0.3	7.4	2	10
201002 24	-1.4	6	1	6	-2	6	-1.3	8.7	-1	10	-2.4	8.4	3	12.4	2.5	10.5	4.9	8.1	4.8	2.1	1	4.4	-0.3	6.4	-2	2	-1	6	-3	6	-1	7	-2	7	-4	7.6	-0.8	11.4	0.3	15.5	2.4	13.4	5	15	2	16	3	17	3	14	5	14.3	4.4	18.2	7.8	15
201002 48	-2	5.5	-1	5.5	0	6	-1	8	0	8.7	-1	9	-0.6	9.4	0	9.7	1.5	9.6	3.1	6.3	1.3	1.7	-3.4	2	-2.4	2.1	-2	4	-1	5	-1	5	-1	10	-2	10	-2	9.6	1	13.4	4	15.5	2.7	17.8	2	17	5	15	5	18	6	16	3.8	17.2	6.6	15.3
201002 72	-1.3	5.4	-3.7	4.6	-1.3	5.3	-2	6	1	7	0.6	8.6	-1	9	2.3	7.8	4.6	9.8	1.9	3.8	0	1	-2.6	1.3	-2	2.7	-1	5.4	-2	6	-1	4	0	9	-1	9	0	12	-2	10.6	3.2	12	5	17	5.9	17.7	5	17	5	13	5	18	7	15	4	14
201003 24	-3.4	10	6	9	4	5	1	8	3	3	2	3	0	8	3.4	6	-3.3	4.6	-0.5	13.9	4.8	19.6	7	20	7	20	10	16	2	11	3.2	19.5	8.6	22	12.3	30	11.6	19	8.4	18.4	6.7	19.5	10	20	2.2	5.5	4.3	12	3	12	5	18	6.2	22	7	16	9.2	15.6	9	18	8.6	17
201003 48	-0.5	12.5	-3	3	3	6	-2	8	2	1	-2	2	-2	4	3	5	-2.4	5	-3.2	10.4	2.1	17.2	5	22.3	6	18	6	18	2	11	0	16	7	22.2	7.4	21.7	15.4	23.7	9.3	16.4	7	13.5	9	14.8	4.7	7.3	2.9	6.9	2.5	16.8	5	19	7	23	10	16.7	10	17	9.2	19.4	7	14.3
201003 72	9	14	2.4	7.1	-1.4	1.1	2	5	0	6	-1	2	-2	5	-2	5	-4	7	-8	9.8	-0.5	17.5	4	20	5.7	21	7	18	7	18	1	16	6	20	5.6	24	9	23	12.8	22.1	8.6	17	10	16.4	3.4	9.7	3.8	8.5	3.7	12.4	3.5	16.8	8	22	9	22	7.6	19.2	8	17	7	16.2
201004 24	4.7	7.5	5.6	16.8	6.8	20.3	9	23.8	12	21.4	8	17	8	19	8	23	10	25	12.2	15.5	12.4	20.4	9.8	14.4	3.4	13.4	3.8	9.4	5.2	18.6	11.2	27.1	11.8	24	14	25	14	25	12	20	11	18	9.6	21.5	9.9	18.2	11	18.2	10	24	8	24.8	8.6	26	9	25	12.3	25	13	26
201004 48	0.8	6.9	0.8	15.5	6	22	8	20.8	9	19.2	8.8	9.5	9	21	7	23	9	24	10	16	4	13.6	6.1	7.7	3.5	7.8	5.2	17	4.7	16.5	10.6	25.9	12.1	22.5	11.2	22.2	12	23	13	24	8	23	8	17	8.8	17.7	10.2	18.7	6.5	22	8	17.2	9.4	25	12	28	12	29	12.7	27.4
201004 72	6.5	12.7	1.4	8.4	4.7	19.1	6.8	22.5	9	15.6	7.5	13	4.4	12	5	22	9	24	9	22	4	16	6.7	8.8	3.3	8	2.2	11.6	5.5	23.4	7.8	21.8	12	23	12.5	22.3	12.6	18.7	11	20	11	20	9	21	13	16	7.4	17.8	7.9	22.3	8.8	19.4	6.7	24	10.3	31	11	29.6	11.5	28
201005 24	14	31	16.5	33.6	18	32	18	28.4	15.7	23.9	13	24	13.8	28.8	16.7	27.8	13.1	24.6	10	27	16	27	17.2	23.5	13.8	22	13.4	21	16.3	21.8	17	24	15	25.3	10.6	24	14.5	28.3	17	30	15.3	23	16.4	34.2	19	38	19.8	37.8	21.7	36	19	27	15.8	22.7	17.3	29	20	34	19.7	27.3	18	24
201005 48	14.4	28	15	33	15.5	28.2	16	29	16	21.8	11	25.5	15	25	16	27.4	14.3	24.2	14.5	30.6	15.4	29.6	15	21	14.1	18.4	14	20.3	16.6	24.2	16.7	23.7	14	26	14	25.7	14.3	26.9	16.2	30	15	32	1.2	28.3	17.5	35.2	17	35	20.5	32.8	17.8	24.7	15	26	15.2	28	17.2	31.6	18	28	15.9	28
201005 72	13.4	24.2	15.6	24	16	30	14	29	17	25	14.4	25	14.4	23.4	14	20	14.6	21.7	12.7	26.9	16.8	30.2	18.7	25	15	24	15	23.2	16	25.3	17.4	22	14	22.2	15	28	13.2	24.6	15.8	25.3	17.3	32	17	34	18	29.8	20	33.2	20	32	21.2	25.3	16	27	14	30	19.5	29.8	20	32.2	18	26
201006 24	15.4	24.6	15	26	17.4	29.7	17.2	32.6	18	31	20	26	15.4	22.4	17.3	22.8	16.5	26	18	30	16.8	33.1	17.3	29	16.4	34.5	20	35	23	37.3	20.7	38.5	22.7	35	21.4	37.4	22	34	23.5	35	22.7	37.5	23.4	39.4	23.6	40.8	23	30	22.6	32.5	21.6	30.7	22.7	27.6	21.3	24.7	24	32	24.7	31.1
201006 48	14.4	26.9	17	29.3	17	33	18.8	27.7	19.2	28.8	19.8	28.1	19	30	18.4	24	17.4	25.8	18.6	30.3	20	33	19	30.6	17.2	31.6	20	35.4	21	38	21.4	34.7	21	36.8	22.2	36.5	20.3	38.7	22	38	23	35.7	22.6	39.6	22.8	36	22.6	36.8	23	34	23.6	32	22	29.6	21	28.7	22.2	31.6	24	32
201006 72	17.3	31.5	15.7	26.7	16.5	26.4	17	30	16.3	29.2	18.3	28	19.8	24.6	20	28	17.6	30.5	19	29.6	18.9	32.5	22	35	18.3	35.6	20	32.2	21.7	37.6	22	38	23.6	37.5	23.5	37	24.4	37.2	24.3	39	25	35	24	39.3	24.6	36.4	22	33.4	22	34.5	21	33	25	29.5	22	25.2	22	26.6	25.2	29
201007 24	23.6	26.4	24.5	30.7	21.4	29	24.5	35.6	33	35	29.3	34.7	24.3	34	25.8	28	24	29.8	24	30	27.8	36.9	20.8	31.6	25.2	32.2	26	27	24.6	28.7	23.3	30.5	24.5	32.3	28	29	24	31	21.5	32	20.2	33.8	21.5	32.2	25	29	25	28.8	21	25	26	27	22	29.6	22.3	31.5	24	32.5	28.2	31.7	25.2	34.4
201007 48	24.2	31.7	21.8	29	22.6	28.5	21	33	24	34	24	32	24.3	30	22.8	30.7	21.8	26	21.8	29.3	21	26	23.4	32.2	20.5	27.5	23.4	24	21	27	22	26	22	32.6	22.4	30	23	25	23	30.3	24.2	30.4	24.3	35	24	29.2	22	30	22.8	26.4	23	26	23	28.5	24.6	32.2	23.7	33.2	26.8	32.5	24.7	30.7
201007 72	24	28	23.6	29.2	21	27	20.3	32.3	22.7	34.6	25.2	34.4	25	30	22	26.7	21.4	27.8	20.2	30.2	19	32.2	20	31	23.8	32.4	19.2	25.6	22.8	23.6	22	27	21.6	30.3	22	34.3	23	33.2	22	27	22.3	36	23.6	34.5	24.5	30	21.6	29.4	21.6	29	20	29.2	21	31	21.7	29	25	32.7	27.5	33.2	25	32.3
201008 24	27	31	29	30	25	33	24.5	32.7	21	30.5	18.7	27.5	22.6	30	23	30	23.7	29.8	23.8	30	23.5	29	22.2	31.4	21.5	27	22	27	17	28	17.5	28.5	18	28	19.5	27	22.2	28	21.2	25.3	21.2	22.4	20.2	24.7	19.7	24.7	17	22.2	16	24	18	27.8	16.8	27	18	28	20.6	29.8	18.2	25.6	16.2	28.8
201008 48	24	28.2	23.2	27	25	27.6	22	30	21	28.6	21.7	29.5	23.3	31	24	30.6	22	27	23	28.5	23.8	30.4	24	31.5	22	27	19	24.4	17	26	18	26	20	28.4	21	27	22	25.6	22.4	27	19.8	25.8	18.8	23.3	18.5	24.2	16.7	21.3	16.6	22	18.4	24.3	16.8	23.3	17	23.6	18	26	18.9	27.2	18	28
201008 72	24.6	31	24	29.4	23.7	31.3	25	33	19	29	21.5	32.5	23	32.5	20.2	29.4	22.5	29	22	31	22.4	26	23.6	30.2	23.3	29	18.7	28.2	18.8	25.4	19	31	20	31.2	21.4	31	20	25	20	23.2	19.2	24.6	18.2	27	17.7	22	18	21.4	16.5	18.5	17.8	22	17.5	26.8	18.2	25.8	17	26.7	18	26	18	27.7
201009 24	17.4	28.6	20	29	16.7	26.6	17.5	27	16	23	16.3	23.6	16	25.3	17.7	26	14.7	26	16.3	26.4	19	31	16	30.4	16	26	19	25.3	19	25.5	19	25.7	20	27	21.4	28.7	22.3	30.8	21	27	20.3	22.2	14	16.6	14	15	14.8	20.4	11.2	18.5	13.7	22	15	21	14	18.8	12.2	18.6	13	19
201009 48	18.2	28.3	17.7	29.2	19	32	18	28	19.4	24.5	17.6	22.5	15.6	23.6	15.6	25.5	17.8	24.5	17	25.8	17.6	27.3	17	30	16.3	27.8	17.8	27.8	19.5	30.3	20	29	20.8	28.6	20	28	20.6	28.6	19.8	26.3	19	24	16	20.7	14.6	19.2	14.3	20.4	11.2	18.5	13.4	18.2	13.7	19.3	14	18	13	21.3	13	19
201009 72	16.6	29.5	19	26.5	18.5	25.8	20	28	18.3	27.2	18	24.4	19.7	25.7	18.7	25	17.4	25.4	17.5	27	17.3	30.5	19.5	29.2	18	28	19	29	18.4	31.5	20	30.2	19.4	28.2	19	29.2	21	27	18.8	25	18.2	24.2	18	23	15	19.2	14	21.4	14.7	21.2	13.4	18.2	11	19	14.7	19.3	12	20	14	19.7
201010 24	13	20	12	26	10	24	11.2	21	11.4	24	11.5	26.2	11.5	26.6	11.4	20.6	12.6	23.6	10.3	19.6	6.2	19	8.8	14.3	7.4	18	10	21.4	10.6	21.6	9.5	20.3	13	24	13	20	12.4	18.3	11	19.3	12.4	21.2	12.8	18.7	10	17.4	11.4	14.4	6	10.4	4.5	7	3	10	5.3	12.5	4.2	14.6	5.6	14.6	7	16
201010 48	13.3	17	11	22	8	22	10	21	10.6	24.5	12.4	26.7	13.2	26	12	23.3	10.2	18.8	11.5	19.4	6.6	17.6	8	16.8	7.4	16.7	9.7	21.4	9.2	18.4	8	19.8	12.3	19.8	12	21	12	18	13	20.8	12.7	20.3	10	20.6	9.6	16.3	9.6	13.4	4	10.3	3.8	10.5	3	10.6	5.7	12.2	4.3	13	5.6	16	4.8	13.5
201010 72	13.3	17	11.7	21.2	9.5	22.4	11	23	10	24	10.8	27.7	11	26	11.4	20.4	13.7	18	13.7	19.5	10.5	18.8	9	12.2	9	17.3	9.5	17.8	8.8	20.6	9.5	19.7	11	20.2	10.8	20	10	21	10	19	11.2	19.8	11	18	11.3	15.6	11.6	16	8	13	4	11.7	4.4	13.6	4	12.4	5.5	13.1	4	12	7.2	14.5
201011 24	9	14	7.8	15	6.7	19.3	6.3	18	5.8	17.7	6	16.4	5.5	17.5	6.6	18.7	6	23.3	4.5	23.6	0.5	15	-0.6	15.8	3.3	13.2	4.5	11	2	13	-0.2	14.2	0.7	14.6	4	16	-0.7	14	-0.2	14.1	2.8	13	1	12.4	0.3	13	3	12.3	1.2	10	2	17	4	13	1.8	17	0.8	13	1.3	17
201011 48	8	15	8	14	5.7	15.5	5.3	19	5.4	17	5.3	15.6	4.3	15.5	5.3	14.3	6	20.2	7	20.3	3.6	14	3	13.6	5.4	15.4	3	9.2	1	10	2	12	2	16.6	5.2	15.8	0.3	10.8	1.5	17.5	-3.7	15	0.3	11.6	1.6	13	2.3	14.2	2.8	11.5	2.3	16	4	17	4	14	2.6	17.3	4	14.3
201011 72	7.7	14.6	6	15	6	15	5.7	16.7	5.7	17.6	7	14.4	3.2	15.4	3	13	5.4	17.5	5.7	18.9	5	20.2	1.7	10.7	3.4	14.8	3.8	10.4	1.6	10.7	2	15	3	12	3.4	19.7	0.9	12.6	0.2	13	4.5	16	-0.5	12.7	0.6	14.6	-0.2	11.2	1.4	11	3	13.3	3.2	14	4	13	3	16	2.7	16.8
201012 24	-0.2	17.6	0.2	10.7	-2.3	8	0.6	11.5	0	12	-1	8	-2	10	-2	12	-3	11	-3	12.5	-4.3	6	-0.6	8	-1	6	-4	0.7	-2.5	0.3	-12.3	2.5	-4.6	5.6	-3.6	8	-5	13.6	-4	10	-6	6	-3	10	-2	4	-3.4	-1	-2.7	2.3	-6	7.58	-3.4	7	-3.8	5.8	-4.3	6	-8.5	0.1	-7.7	0.4
201012 48	2.7	15.5	1.6	14.5	2	11	1.6	8	1.2	9	0.4	5.3	-2	12	-1	12	-2	10	-1	10	-3	4.2	-2.8	6.8	-0.7	8	-3.6	8	-3.6	4.4	-8.8	1.5	-5.6	4.6	-1.2	11.3	-1.5	7.5	-2.3	7	-4	7	-2	8	-3	6	-3	5	-3.6	4.4	-5	5.3	-3	7.6	-4	4.7	-3.8	4	-6.7	1.5	-6.3	1
201012 72	1.7	14.6	2.6	14	0.6	13	3	9.8	2.2	10	-0.2	8	-2.7	9	-3	10	-1	11	-2	15	-1	7	-0.2	6.4	0	13	-1.4	7	-4.8	7	-6.5	1.5	-7	0.4	-4.2	13	-2	10.6	-2.7	11.5	-2.7	10.4	-4	10	-4	2	-3	3	-1	6	-4.3	5.7	-4.3	4.3	-4	8.4	-2.8	5	-4.2	2.7	-7.6	1.5
201101 24	-7	-3	-5	-1	-1.6	5	-5.6	1	-5.6	1	-8.7	-3.4	-6.6	-0.5	-4.6	2.4	-8	-1	-7.2	0.3	-8	7.3	-6.7	2.7	-4	8	-3	5	-8	-2	-9	2	-4.8	0.5	-6.5	-1.5	-6.4	1.4	-6	3.1	-5.7	4.2	-4.7	4.8	-5	2.7	-6.7	1	-6	2	-5	0	-4	3	-4	5	-7.6	0.3	-7	0	-7	1.2
201101 48	-4.7	1.3	-6	-2	-1.3	5.3	-4	-1	-4	-0.5	-6.7	-3	-8.6	-2.4	-2.6	3.2	-7	0.2	-7	0	-10	2.7	-11	-1.5	-5.7	3.3	-3	3	-10	2	-9	-1	-6	0	-8.7	-1.3	-8.2	-0.8	-4	2.4	-5	3.5	-5.6	1	-4.7	2	-4.4	0.7	-2	3	-5	3	0	3	-1	7	-8	1	-6.5	2.8	-7	3.6
201101 72	-7.4	1	-4.2	1.4	-2	5	-3	-1	-5	1	-6	-2.3	-8.2	0.4	-6	3	-6	1	-8	1	-5	2	-9	-1.5	-6.4	0	-3.8	0	-5	0	-10	-1	-9	-1	-7	-1	-7.3	-1.3	-8.5	0.6	-5.2	3.4	-3.3	6.4	-5	2	-3.7	0.4	-4.8	3	-3.7	3.8	-3	4	-2	3	-6	1	-7	3	-6	2.6
201102 24	-5.8	9	-5.6	13.2	-2.2	10	2.2	11.7	0.6	10.2	3	10.3	0.6	13.2	0.2	10.4	5	7.8	0	8	2	7	-0.5	7.5	-1	7	-3	2	-1	3	-0.6	10.7	-0.8	6.2	1.3	5.4	1.8	11.5	3	12	1	11	2.6	14.3	0.3	16.5	4	14	6	12	5.2	7.6	5.3	11.3	3.2	8
201102 48	-5.9	9	-4.4	8.6	-4	9.8	-1.6	11.5	-0.4	11.1	0.6	9.5	0.1	9.3	1	10.3	3.6	10.5	1.3	6.5	1	6	-1	8	-1.5	7.4	-4	3	-2	6	-1	10	1.2	10	0	4.4	-1	7.7	2	14.4	3	14	4	15	2.6	15.8	3	17.4	5	14	6	11	5	7.8	3.6	8.8
201102 72	-5	7.6	-4.4	8.6	-2.6	9.3	-7.6	9	0.8	11.2	2.9	11.4	3.3	11.3	3.4	10.5	5.2	9	2.5	8.4	-1.2	5.1	1	6	0	10	-3.8	6	-4.6	6.3	0	10	1	13	-1	5.7	0.4	5	0	11.4	3.8	12.8	2	15	4	16	4	15.3	4	13.6	8	12	6	8	2	5.5
201103 24	0.2	7.2	3	11	3	11.2	2	6	-0.1	7.4	3	12.3	3	12	4	14	2.6	10	2.2	12.4	2	6	3	21	6.2	18	3	13	-3	11	1	15	3	16	4.4	14	1.3	6.5	0.6	4.7	0.6	4.6	0	7	2	12	1.4	10.2	3	13.4	4	14	3	11	2.2	19.2	5.3	19.8	7.3	19.6	9	21.3
201103 48	2	9	1.8	7.4	4	11	4.2	10.5	-4	11	1.2	12.5	4	12.5	2	12	3	12	2.8	14.3	2	16.2	3.2	21	8	14	5.6	10.3	2	12	-1	13	3	15	5	14	3.5	9.2	-0.6	2	0	1.5	-1.8	5.2	1	11	1	12	0.5	12.2	3.2	15.5	4	15	1	14	5.2	19.9	8.5	22.4	8.3	21.3
201103 72	3	6.5	1.5	7.3	2.6	10.9	1	12	1.4	11.6	3	14	3.5	12.7	2	11.4	3	10	3	13	6	16	4	18	5	19	6	11	3	12.3	-1	13	1	10	6	13	1	9	2.2	7.3	1	3.3	-0.4	2.7	-3	5.6	1	13	2	12	2.8	12.3	5	14.6	3	19	4	17	7.3	21.5	11	21.5
201104 24	10	20	10	16	7	9	7	14	8.5	10.7	8.5	17	10	14.1	5.5	16.3	8.4	25	11.4	26.2	10	20	11	23	12.6	29.2	11.7	23.4	13.2	27.3	12.6	16	11	29.3	9.7	21.4	11	24	13	23	13.6	23.2	12	22.2	10.4	26.2	11.8	26.5	16	36	16.3	30	14	23.6	16	33	16.8	33.6	13.7	26.8
201104 48	10	22	8.4	11.8	10.6	13.8	7	14	11	17	8.8	19	8.7	19.4	6.5	21	7	21.8	11.5	25	8.8	21	10	27	13	29	13.7	24	10.3	27	11.8	22.2	8	22.7	11	22.5	10	23	12	26	14	23	12	24	14	26	12	30	14.5	31.7	16	27	13.4	26.5	13.7	30.6	16	27	13.8	23.3
201104 72	8.6	16.6	9.7	15.7	7	10	9.4	15	9	16	9	19	8.7	18.5	7.4	22	6.7	24.6	10.2	24	11.3	22.3	11	23	12	25	15	26	12.3	23.5	12.6	24.4	11.9	23	11	24.6	12	19	13	21	13	25	11	22	12.7	23	13.3	28	12.4	28.6	15	31.2	15	27	13.8	25.4	15	27	15	26
201105 24	14.3	13.3	9.5	19.6	9	23.4	12	26	13	27	14.4	29.7	16.6	31	19	32	15.3	24.8	12.2	25.7	14.5	23.6	11	23	12.8	18	11.4	24	14.3	29	14	32	16	35.3	17.4	28.4	16	19	15	22.7	10.2	18.2	10	23	11	22.8	14	27	14.4	30	15	30.6	16.6	32	18.4	28	18	26	18.4	30	16	28.8
201105 48	14.7	19.8	9.4	21.8	15.3	26.3	11	29	14	30	16.5	30.4	18.4	32.6	19	27.6	16	23	14.7	24	14.7	20.7	12.4	22.4	14	25	12.3	25.3	13.3	33	13.3	32	13	34	15.8	31.2	13.2	24.8	14.6	23	12	15.6	10	18.4	14	25	14	28	16.5	32.7	17	32.5	16	32	19	29	19	28.2	15.3	29	17	31
201105 72	13	20.6	13.2	21	14.7	20.7	14	26	11.5	32	14	33	16.7	32.3	18	33.2	15	22	14	25	15.2	27.3	12	24.3	11.5	26	15	24	12.5	31.2	15.5	33.7	14.5	31.6	17	34	16.7	27	15.4	22.4	13	19	10.8	18	12.6	24.8	15	26	15.8	28.5	16	30	18.8	34.4	17	30	16	25	16.2	28	16	32.8
201106 24	17.5	32	16.5	33.5	18	32.3	18	32.3	18	31	20.7	35.5	18	39	21	37	23.4	31.2	16.4	31	21.4	34.3	22	31.3	21.7	33	20.2	35	20	36	21.7	36.5	18	26	22	31	21	28.4	23	29	19	23	21.7	26.6	21	35	22	40	22.2	36	20	25	20.6	33	20.4	36	22	34	23	36
201106 48	15	29	18.7	32.5	16.4	32.4	18	33.4	18	33.4	17.4	35	19	39.3	21	38	20.5	26.6	15.2	33.2	18.8	37	21.5	34	21.6	36.2	20	33.8	21.4	35	23	36	22.7	29.4	20	28	22	28	22.3	27.3	21	26	20	28	17.5	35.5	20	38	22.4	36.5	24	31.6	20	34	22	35	22.3	35.8	23	35
201106 72	17	31	18	30	18.7	33.3	18	32.8	20	34.3	20	34.3	20.7	37.7	22	35	22	28	19	36.8	22.2	37.8	21	35.2	21.4	32.6	21.8	35.2	20.7	37.7	22.6	34.4	23	30.5	20.7	32.2	19	25	22	26	22.2	29.2	23	34	20	31	22.3	35.3	23	37	23.4	31	21	32.8	21	35	21	34	23.7	33.4
201107 24	24.7	37.6	23	33	24	30	26	25.2	25	25	19	23	27.3	37.4	19.6	34	17.6	35.8	23.2	32.5	17.8	31.4	22.5	30.4	18.5	33	24.5	34.7	28.5	35.4	18	32	18	31	19	30	23	31	24.2	29	25	34	26	34	20.8	35.7	23	34.6	13.6	36	16.6	36.3	19	34	18	35	22	24	18	31	21	33
201107 48	24	36	25	33.8	25	31	23	25	21	25	19	26	18	29	20	34.2	21.2	32.4	21.6	30.6	22.8	27.2	22	24.7	21	29.5	20	31	23	34	24	36	18	32	19	30	20	30	25	31	22.3	31.2	24	33	23	35	22.6	34.3	24	36.5	24	36.6	23.8	34.3	24.5	28	24	26	19.4	28.6	20	29.5
201107 72	25.5	32	25	32	25	33	24	27	21	23.5	18	27.4	18	32	19	30	19.5	29.7	21	28.4	21	28	22.3	29	20.4	24.6	23	30.2	23.6	37	25.7	36.2	26.4	37.4	19	31	20	30	20	30	25	32	23.4	35	27	35	26	38	23.6	36.4	25	34	25	36	23.7	29	22.5	25	21	27	19	28.5
201108 24	15.5	24	17.7	28	19	25	19	24.3	18	26	19	32	19	31.7	21	35	17	34	22	31	22	30.5	24	33	23	292	24.5	30	24	30	23.2	28.4	20.6	26	20	27	20	26.7	17.8	21.4	16	19.3	17	21	17.7	20.6	16.6	27.8	18.6	28.3	17	29.8	18	28.6	15	30.5	19.3	27.8	20	29.6	20.6	29.8
201108 48	18	29	20.4	28.7	19	26.6	21	28	18.4	26.7	19	30	23	34	22	34	21	34	17	33	21.8	31	23.4	31	23	33	23	31	23.5	31	23	30	21.7	28.5	20.7	27	17.8	30	21.7	29	17	20	15	24	18	21	18.9	29.8	19.7	32	17.6	26.8	18.8	30.2	18	29	14.7	30.8	19.2	29.3	20	31.6
201108 72	22	32	22	27	18.8	24.4	19	25	20	27	19.3	31.5	19.5	30	22	34	21.8	34.3	22	34	18	33	22.4	29	23.4	33.2	24	32	25	32.5	23	31	23	29	21.5	28.4	21.4	29.8	15.6	25.5	21	27.3	15.6	24	17	27	19	30	18.3	28.6	18	30.6	19.6	28.7	18.2	28.4	20	29	15.8	29.5	21.7	32
201109 24	20	29.4	19	27	22	25	22.2	24.2	20	22.5	14.6	19.4	13.6	21.3	15	25.5	14.6	24.5	14	24.3	16.4	20.7	16.5	20.6	16	23	14.5	20.8	17.7	25.7	17.5	21.8	15.7	18	10.6	15.2	11	14.4	10	15.5	12	18.4	12	19.5	12	20.6	12	22.7	12.6	23	12.7	20	14.7	18	13.2	23	13.7	24.4	13	23
201109 48	21	29.6	20	28	20	28.5	20.7	23	19.2	26	18	21.2	17	21.8	16.6	19.7	14.4	24.4	16	23	17.2	22	14.4	21	13.9	20	16	23	15.6	24.8	16.7	20	17.5	21.2	12.2	16	11.7	15.8	12.3	16.8	13.7	18.3	12.4	17.5	13	19	12.6	18.6	14.5	20.5	14.6	17.8	15	17.1	13	18	12.2	15.6	11.1	21.3
201109 72	21.5	32.3	20.3	28.4	20	29	19.2	20	19.4	21.1	17.4	20.3	17.8	19.8	16.8	23	15	22.4	16.5	22.7	17.2	22.2	17.8	24.5	14.5	24.6	14.4	20	16	25	18	23.5	14.2	19.6	14.7	18.2	12.6	17	12.6	18.7	14.2	20.6	12.6	19.6	12	19.4	12.6	20.8	14	22	13.8	22.3	13.6	17.7	12.4	17	10.6	18.5	8.6	20.2
201110 24	12	18.6	11.6	17.4	9.2	12.4	10.6	19	7	22.2	12	23	11.4	21.3	15	22.4	16.3	21	14	16.3	15.3	20.8	11.8	17.4	10	22	8	22	5.5	19	8	23.4	10.4	20.6	9.4	18.1	11.8	20	9.7	17.6	9.8	18.4	12.2	19.3	7.6	16	8	13	10.2	12	9.6	13.4	8.7	15.8	7.4	19	5.2	15.8	7.2	16	9.6	15.4
201110 48	11.8	17	10	15.6	10.3	16.5	9.8	17.5	11	22.2	12.4	26.5	12.3	22.2	12	22.4	15.2	22	13	19.5	11.8	15.8	9.2	18	9.7	21.4	8	22	6	21	8	21	11	21.7	9	19.9	10.2	17.6	9.3	16.3	10	19	13.5	19.8	9.6	15	7.3	16.2	7	13	7	15.7	6.8	16.2	7	15	5.4	17.8	8	17.5	10.7	15.8
201110 72	11	20.3	10.2	17.2	10	15	11.5	20	10.5	22.3	11	23	12.2	23.4	14	22.5	13.8	21.6	14.4	19.4	13.2	16.7	12.5	21.6	9	20.2	7.8	20.2	6	21	6	20	8	20.7	9	18.6	10.5	18.4	9.8	18.3	9.5	17.3	12.4	19.5	12	15	7.3	14.6	8.8	17	6	15	6.6	16.7	5.7	18	5.5	18.5	7.7	17	12	18.3
201111 24	10.2	17.5	10	14	9	11	9.5	13	12.2	19.7	7.9	21.2	8	15	6	15	2	13	4.4	12.6	4.4	13.8	5	13	4	13	4.7	11.3	5	9.6	6	10	7	10	3.3	14.4	4.7	13.2	2.8	10	3.8	10	3.7	12.4	2.7	13	1	11	5.5	13	6.7	15.2	7	10	7.2	9.5	9.3	10	-1.5	4.7
201111 48	10.2	17.5	10.4	16.3	10	12	9	11	7.8	19	8.5	22	8	18	6	15	5	11	3	13	4	16.7	6.8	15.5	4	15	5	12	5	9.6	5.5	9	7	10	6	13	3.6	13.4	2	8	2.5	11.2	5	14.7	2.7	8.7	2	15.4	3.7	17	6.6	17	6	15.5	7	14	8.3	9.3	3.4	8.8
201111 72	10	15.4	10.4	16.3	10.3	18.7	10	14	8	15	8.6	21	8.6	20	6	15	5	11	4	14	4	12	5	13.7	4.6	14.7	4	13	5	12	5.5	9	6	11	6	13	5	16	2.3	8.7	2.6	11	3.6	14	3.5	13.6	2	13	5	17	6	15	8.3	14.6	9.3	12.8	9	12	5.3	9
201112 24	1	9	-0.3	13	0.8	5	0.9	4	0.8	3.5	1	5	0	7	-2.5	7.7	-2.8	3.7	-5	4	-5	8	-4	7.6	-5.4	6.8	-1.6	8	-1.4	4	-4	3	-2.3	3.6	-3	3.5	-2	6	-1.4	3.4	-2	3.7	-3	2	-4	6.7	-5	3	-4.2	6.2	-2.3	3	-2.7	5.8	-3	5	-2	5	-2	4	-2.4	8.2
201112 48	2	8	0	10	1.7	11.3	-0.6	7.7	1.7	2.7	1	4	0	3	0	5	-3.8	5.7	-4.3	2.7	-4	7	-3	6	-4	3.7	-0.7	8.5	-1	6.5	-1.2	6	-1.3	6	-2	4.3	-2	2	-1	5	-1	2.3	-2.6	2.8	-3.4	5.4	-4.8	3	-4.5	5.8	-2.8	4.4	-2.3	5.8	-3	6.3	-2	6	-2	4	-2.6	10
201112 72	4	13	0.3	9	0	8	0	5.3	3.3	9.6	1.2	4.8	0.2	4	-1	4	-2	5	-4	4.7	-6.3	5.3	-3	6	-4	7	-2.8	5.4	-0.8	4.2	-3.4	3.7	-1.5	5.6	-1.8	2.7	-2.4	3.3	-2	2	-1	3	-2.8	2.6	-3	3.3	-4	5	-5.2	4.8	-4	7	-2.8	4.4	-2.8	4.5	-3	6	-2	6	-2	6
