2008   01 -51   -48   14    13    -29   -5    4     -19   -3    -4    4     -21   -49   -52   -42   -42   -57   -47   -50   -49   -50   -50   -66   -84   -79   -64   -63   -59   -106  -79   -100
2008   02 -61   -96   -67   -58   -82   -90   -32   -71   -72   -66   -24   -42   -31   -56   -45   -7    7     9     -8    -5    -10   20    26    -1    3     11    -24   11    5
2008   03 68    24    10    23    21    60    55    18    60    51    97    102   52    59    102   90    52    95    110   64    72    54    50    35    79    67    82    114   58    55    100
2008   04 60    71    96    67    83    96    112   162   114   123   121   111   107   124   99    101   126   143   122   127   69    51    64    59    88    104   149   111   155   146
2008   05 154   226   136   99    108   147   186   153   139   130   150   103   95    110   170   226   166   184   139   138   163   190   192   171   177   177   209   193   203   139   142
2008   06 231   155   185   170   181   185   179   199   209   194   191   195   207   198   180   149   176   194   189   204   221   208   152   209   170   227   236   220   250   205
2008   07 184   199   218   198   155   189   215   229   229   231   264   232   246   214   196   187   196   203   222   211   207   202   188   186   222   237   240   247   242   229   224
2008   08 226   229   231   198   218   248   243   241   198   202   212   181   163   195   204   198   189   181   211   201   196   185   176   212   188   193   206   221   160   155   156
2008   09 144   172   132   147   153   183   213   187   160   155   136   166   166   169   186   181   155   179   179   189   191   193   181   149   156   117   93    100   124   104
2008   10 129   158   161   134   132   110   115   118   140   107   126   85    87    102   123   105   142   115   128   125   130   104   59    65    70    69    85    104   95    108   78
2008   11 90    51    81    75    119   98    71    54    70    69    77    74    78    60    63    40    52    28    3     -7    16    34    27    13    -8    12    -38   -17   -7    -7
2008   12 43    11    34    -23   -59   -63   -34   -7    37    60    -11   15    36    -16   -21   -24   0     -18   -17   17    -34   -72   -62   -52   -40   -23   -45   15    -36   -61   -67
2009   01 -60   -25   -35   -4    -20   -11   -34   -41   -63   -69   -54   -53   -83   -54   -66   -34   -11   -18   16    18    -21   14    -72   -97   -78   -43   -29   -3    0     -11   -4
2009   02 36    47    32    31    32    49    60    50    7     13    30    43    55    68    83    52    28    10    17    -12   -4    32    17    52    27    -5    10    25
2009   03 39    32    12    23    5     26    5     66    35    90    29    35    20    -1    70    107   81    95    134   117   133   88    90    84    62    68    72    61    39    74    63
2009   04 63    70    56    71    89    66    76    88    147   142   140   145   113   141   181   116   141   138   143   158   114   107   108   134   96    98    126   118   129   158   
2009   05 137   135   132   149   149   169   203   206   168   151   159   154   144   144   144   110   140   120   123   113   162   139   119   152   146   148   139   152   147   148   151
2009   06 160   169   157   181   179   194   191   190   197   193   197   211   183   202   222   244   222   222   180   161   197   224   225   206   231   239   225   188   175   197   
2009   07 198   217   216   245   249   241   238   208   204   227   196   207   215   222   223   239   217   207   245   227   228   224   215   223   211   210   199   194   220   227   213
2009   08 214   218   210   192   215   208   229   228   194   188   187   186   185   207   219   212   215   199   193   189   186   187   187   200   221   197   179   179   171   165   177
2009   09 186   200   202   201   197   197   191   187   150   154   171   147   139   154   140   183   182   191   184   137   109   111   132   182   169   173   165   157   160   166   
2009   10 192   180   151   152   128   146   147   136   141   129   119   125   116   108   92    94    96    145   113   95    113   88    80    134   125   147   100   119   143   124   107
2009   11 80    7     16    38    40    58    81    95    93    61    -6    -10   -1    2     -6    -17   -64   -34   -36   -43   -37   -21   0     0     18    34    39    16    16    9
2009   12 -4    22    -17   20    -15   -18   25    -8    2     6     16    4     -12   14    13    13    -32   -34   -45   -41   -62   -47   -24   -30   -24   -60   -50   -66   -26   -34   -44
2010   01 -25   9     -9    -1    -28   -62   -24   -59   -35   -17   17    -46   -58   -61   -32   -51   -37   -25   -5    30    7     -28   -44   -34   -5    -35   -24   5     -9    -8    -10
2010   02 -10   -1    17    -25   -15   3     -1    -13   17    -9    -32   -21   -20   -13   -26   -16   -21   -39   -38   -3    32    41    39    73    96    75    36    67    67
2010   03 35    51    20    32    18    4     4     17    -39   -42   35    97    70    79    60    21    93    109   105   102   77    122   68    81    29    19    44    66    105   92    77
2010   04 51    40    69    104   121   108   80    54    96    116   91    74    40    2     26    60    97    109   133   130   108   95    59    98    131   92    114   129   116   111   
2010   05 126   157   194   149   182   161   155   180   182   119   124   135   128   129   148   143   121   107   117   151   155   154   135   180   194   158   158   168   157   184   171
2010   06 150   147   167   163   180   167   164   156   150   169   172   193   177   194   199   231   212   204   221   222   200   227   226   228   227   215   211   198   224   209
2010   07 232   223   211   236   255   225   248   232   192   163   199   226   233   230   205   211   207   212   193   212   224   233   222   208   206   229   235   243   244   255   260
2010   08 247   239   248   263   227   201   240   228   240   251   270   252   224   228   175   189   223   212   208   207   189   183   161   166   180   177   165   169   178   207   190
2010   09 189   187   169   165   196   192   186   198   177   154   156   168   195   212   213   222   234   226   231   219   184   172   161   121   120   149   158   147   141   145
2010   10 156   99    109   102   94    141   110   126   130   124   98    114   89    110   111   107   158   124   108   108   123   118   122   86    57    46    53    43    71    38    48
2010   11 96    74    40    50    54    57    65    32    54    59    67    51    46    63    41    12    19    38    22    31    54    4     16    46    24    9     45    18    16    13
2010   12 16    36    6     9     33    14    -20   25    4     26    -5    -7    44    13    -18   -65   -38   -9    7     -22   -10   23    7     -14   -27   -46   0     -33   -4    -53   -71
2011   01 -47   -61   -56   -67   -31   -62   -72   -49   -40   -50   -86   -71   -46   -20   -73   -70   -47   -50   -56   -30   -49   -53   -43   -66   -47   -19   -29   -38   -67   -57   -30
2011   02 -67   -48   -23   -16   -3    0     19    2     6     2     8     11    -24   -28   -16   -39   -5    13    21    5     32    46    12    35    70    10    21    22
2011   03 -9    -6    15    -1    4     49    17    51    87    61    49    50    89    46    -2    8     7     84    39    25    4     -11   18    25    14    19    24    37    33    59    84
2011   04 122   80    53    50    82    61    71    80    72    101   100   84    99    131   170   127   131   107   102   135   131   113   106   123   148   205   166   133   173   173   
2011   05 92    93    95    113   143   166   168   217   162   161   171   118   108   101   145   170   162   192   210   127   109   100   92    144   123   136   175   174   177   200   171
2011   06 155   163   138   151   193   200   183   245   206   162   197   187   212   198   190   213   185   189   172   194   191   201   167   210   203   195   182   188   208   232   
2011   07 253   251   229   225   201   181   177   164   200   202   185   179   212   222   200   191   219   203   226   225   205   201   224   220   236   236   233   206   204   181   189
2011   08 182   180   205   193   193   174   195   203   214   217   224   239   243   252   252   237   211   194   186   177   177   191   186   195   199   164   188   203   211   218   220
2011   09 209   226   207   180   156   156   161   162   173   154   153   155   178   163   181   176   122   101   89    97    126   142   135   132   155   168   146   146   137   125   
2011   10 139   135   124   118   99    106   104   134   123   154   143   139   125   87    73    95    92    92    130   108   93    119   118   111   85    81    82    66    58    66    105
2011   11 111   109   106   109   117   114   103   54    39    39    84    83    25    45    68    84    86    64    44    32    71    23    37    9     18    45    58    70    58    46    
2011   12 43    10    18    9     21    26    30    6     -17   -31   -38   -30   -32   3     -14   -24   -30   -35   -25   28    16    -13   -24   -40   -32   4     -14   -13   -18   -5    -20
2012   01 -12   -7    -8    -57   -37   -20   -10   -25   3     -6    -33   -8    -1    -2    -27   -24   -28   -8    -7    -2    -27   -58   -75   -84   -104   -77   -58   -18   -19   -3     -26
2012   02 -4    -18   -49   -12   -21   16    -37   -29   -32   -20   -47   -18   -2    -12   27    14    -18   -8    -33   -19   0     16    30    23    6      -11   8     -6    20
2012   03 18    24    9     -2    14    20    23    20    31    7     45    40    26    51    59    58    48    72    56    52    45    49    29    13    46     61    86    100   80    123    34
2012   04 82    127   67    106   107   104   101   99    146   115   139   64    65    116   141   144   136   89    120   122   101   128   153   135   115    102   129   151   141   161
2012   05 158   161   159   169   151   184   189   178   200   185   162   153   110   106   126   126   138   161   163   191   161   145   156   158   135    124   188   178   157   136    183
2012   06 163   163   202   174   175   165   192   201   202   200   201   191   198   237   172   185   217   222   199   203   224   222   231   254   223    209   210   211   202   195
2012   07 193   203   213   224   189   216   241   211   212   201   220   244   252   221   222   237   229   222   232   237   221   206   218   200   221    239   243   238   244   236    227
2012   08 229   207   220   249   242   233   239   232   242   240   230   246   217   197   193   224   211   205   184   195   182   184   183   191   195    216   219   184   187   196    189
2012   09 167   147   147   146   188   190   179   179   189   171   172   165   112   108   130   151   147   127   144   151   149   147   159   182   163    155   156   110   98    117
2012   10 120   154   132   156   131   149   143   145   117   109   130   135   118   124   125   104   52    72    87    89    126   53    67    64    63     104   78    90    111   61     51
2012   11 37    47    49    -4    1     5     49    25    55    47    -15   28    28    19    58    29    7     34    40    57    64    84    12    1     18     -16   -24   4     -15   -31
2012   12 13    -3    -14   -19   -15   -17   7     -21   -40   -22   -29   -41   0     -8    -5    13    28    -25   -27   -5    -18   -7    -81   -83   -68    -38   -74   -52   -40   -106   -60
