2008   01   44    36    68    79    79    140   100   119   100   29    15    14    -17   -29   21    -20   -33   -27   -36   -18   -2    -9    -36   -60   -39   -21   -33   -19   -29   -14   -8
2008   02   5     18    15    27    2     -11   35    7     -27   26    31    18    28    52    45    72    50    63    122   98    143   165   87    77    82    84    112   150   178    
2008   03   169   155   142   138   110   122   102   202   183   224   229   167   184   194   191   172   212   262   193   116   178   209   158   227   215   253   199   169   146   170   156
2008   04   159   191   151   161   218   258   239   269   230   192   147   186   204   176   223   236   199   166   167   213   158   160   201   266   302   229   295   285   283   311   
2008   05   315   314   248   262   285   319   274   202   278   272   283   254   223   312   347   384   316   296   298   329   309   332   293   321   285   311   307   321   270   264   317
2008   06   341   381   345   313   338   288   282   303   312   325   321   342   325   281   220   270   251   236   245   318   285   268   354   309   373   344   386   374   344   251   
2008   07   304   339   337   290   350   361   332   330   332   351   345   349   301   260   305   274   284   297   310   284   249   243   299   306   308   308   304   315   336   318   291
2008   08   307   283   329   335   330   314   338   337   309   328   337   275   290   269   278   248   266   329   314   288   276   328   311   294   323   322   292   260   237   286   277
2008   09   269   219   295   314   328   293   272   238   191   260   268   284   276   281   245   236   269   269   219   205   223   239   205   186   169   159   117   160   175   239   
2008   10   217   245   203   261   252   171   138   203   180   166   184   189   255   236   207   228   190   200   161   166   171   184   152   163   206   202   136   163   208   155   167
2008   11   220   220   197   197   155   164   205   156   115   94    93    96    107   80    98    100   145   94    100   93    55    82    152   142   91    76    75    162   153   158   
2008   12   146   124   114   61    22    35    128   201   195   165   104   161   115   83    79    152   115   84    147   119   54    -28   38    115   33    48    19    67    27    24    11
2009   01   7     30    15    21    16    40    55    85    31    31    79    35    40    86    47    107   105   103   73    108   155   85    14    4     54    106   116   143   117   99    58
2009   02   70    113   60    73    84    69    85    142   145   195   158   118   168   136   111   91    58    41    87    86    98    134   109   89    56    43    70    116
2009   03   89    57    52    68    131   91    153   182   169   132   91    103   114   157   215   244   268   288   258   203   229   175   187   230   177   147   124   156   185   148   128
2009   04   118   99    145   210   228   192   233   216   189   248   241   248   312   301   298   224   185   177   293   253   213   182   216   227   204   226   234   278   251   228   
2009   05   255   274   282   271   288   281   294   262   228   210   192   234   200   193   236   297   252   253   278   291   282   247   248   203   266   237   165   243   262   292   302
2009   06   310   361   363   355   382   323   270   309   282   306   284   350   362   372   360   322   268   254   234   319   317   336   369   360   375   389   327   269   295   378   
2009   07   362   349   351   314   312   309   349   320   319   295   319   330   338   327   288   280   258   355   343   342   302   250   351   393   321   290   321   284   306   279   238
2009   08   247   306   274   273   292   286   279   303   260   246   290   328   331   353   332   280   292   260   269   232   206   240   218   271   269   279   331   247   231   220   252
2009   09   247   235   220   210   212   221   227   207   187   237   198   188   165   281   262   237   230   213   211   226   242   247   255   277   224   295   296   268   254   252   
2009   10   291   273   237   285   254   203   161   152   148   145   131   192   220   207   238   259   220   235   200   236   214   247   229   231   220   226   194   222   209   163   183
2009   11   198   142   83    217   181   198   262   209   155   131   61    70    59    25    18    10    16    48    8     68    64    98    69    150   91    114   63    45    106   113   
2009   12   71    117   74    118   54    53    80    79    25    33    98    37    69    38    46    76    33    59    37    -5    19    110   73    109   43    27    42    58    94    55    36
2010   01   163   153   195   73    11    14    39    28    13    52    59    104   41    90    66    56    79    65    67    76    48    34    18    126   59    29    110   124   64    99    64
2010   02   101   111   65    83    82    37    30    47    43    23    23    37    17    21    18    52    48    97    128   180   201   190   197   209   207   142   152   137   137
2010   03   105   90    74    59    52    28    28    47    54    170   231   230   160   131   133   185   276   266   300   233   160   158   123   136   118   126   221   175   154   187   154
2010   04   147   165   211   248   240   207   145   213   219   190   162   120   83    78    182   260   211   231   221   159   160   202   197   201   185   252   289   260   220   275   
2010   05   291   333   293   282   252   274   268   278   232   265   275   237   144   203   181   162   202   238   275   223   246   308   308   321   274   256   243   244   308   281   242
2010   06   194   280   296   272   266   241   200   200   208   252   288   254   313   358   347   363   348   347   323   358   357   358   331   335   294   261   228   262   298   274   
2010   07   333   300   282   321   370   375   323   317   258   328   340   314   266   258   250   259   291   278   319   330   337   308   242   243   245   309   306   331   353   352   360
2010   08   325   313   342   329   289   305   282   327   335   326   312   293   286   267   303   302   264   240   238   229   255   265   198   213   239   277   270   278   284   245   321
2010   09   262   285   264   232   226   214   273   233   249   269   292   286   280   240   245   291   282   290   294   268   250   253   209   169   178   234   221   191   197   179   
2010   10   171   244   233   249   248   236   266   245   226   200   183   147   149   254   225   248   258   197   219   202   173   157   153   145   89    80    82    117   149   154   115
2010   11   139   176   202   189   175   163   170   188   214   215   175   90    156   110   85    155   133   151   204   157   139   99    109   142   115   175   121   161   182   174   
2010   12   211   144   106   143   132   95    154   169   154   128   78    86    96    63    14    111   104   134   128   103   168   137   95    61    85    133   115   91    51    28    -16
2011   01   -20   -29   -35   8     8     -15   -13   21    -2    1     37    16    66    67    20    -18   2     -24   1     17    31    56    17    7     42    13    18    27    0     15    38
2011   02   86    115   116   153   129   105   86    80    79    74    83    39    82    27    22    107   112   79    99    81    86    165   155   169   113   74    47    46      
2011   03   74    86    85    56    103   150   168   165   137   131   195   224   190   112   109   136   180   143   109   45    48    94    128   108   135   165   146   192   174   195   194
2011   04   164   166   102   97    95    188   166   196   241   229   187   231   271   290   292   252   285   258   234   203   266   279   305   272   344   337   271   292   311   273   
2011   05   212   212   232   275   314   300   287   264   224   263   226   242   194   256   312   348   367   347   309   265   130   192   218   220   259   282   277   228   258   251   303
2011   06   258   266   262   310   275   351   398   367   295   349   328   341   296   316   350   304   258   236   254   229   225   224   363   371   296   275   334   326   349   360   
2011   07   335   291   283   258   243   216   317   349   288   265   289   314   327   359   358   342   334   334   312   321   296   303   311   368   351   332   354   311   230   304   253
2011   08   223   320   259   243   275   302   299   324   330   317   311   299   321   323   354   283   270   251   213   193   259   218   243   286   276   244   269   275   282   292   302
2011   09   316   292   264   220   180   175   270   261   215   189   176   237   212   219   214   197   177   123   118   183   195   203   244   210   232   211   192   191   245   229   
2011   10   198   175   140   182   237   212   237   184   231   183   163   177   248   205   208   253   238   201   174   183   188   153   172   152   122   151   165   168   161   136   134
2011   11   128   128   125   152   143   128   137   175   134   102   129   140   140   86    114   94    109   146   136   115   90    151   88    87    90    93    93    106   107   91    
2011   12   120   60    44    38    34    31    77    59    64    47    44    65    66    81    53    11    19    48    35    60    68    35    84    70    51    52    49    51    37    20    104
2012   01   41    78    45    1     0     11    5     53    65    62    22    29    46    64    21    31    67    28    6     10    3     -18   -22   0     -3    53    25    69    41    58   98
2012   02   49    32    50    61    96    67    29    7     12    42    45    64    51    92    47    60    27    39    59    76    107   144   93    80    56    28    31    53    80
2012   03   65    45    31    24    92    80    78    43    85    140   111   138   156   133   111   169   184   180   143   76    67    108   151   194   211   223   202   175   222   174   248
2012   04   250   205   190   263   196   203   235   245   211   250   235   153   206   237   278   250   211   274   226   253   303   268   233   239   237   294   298   285   256   224
2012   05   208   187   191   260   287   239   280   316   271   281   263   228   172   272   277   316   267   299   303   268   237   231   201   214   259   286   302   267   289   272   239
2012   06   296   278   275   277   236   298   334   279   353   342   327   363   362   316   329   333   323   344   331   337   367   370   369   323   289   244   250   240   258   316
2012   07   301   272   331   298   333   303   282   266   246   363   336   364   372   302   302   284   265   290   279   271   266   327   264   277   300   326   339   357   371   336   298
2012   08   262   306   318   299   306   283   329   357   346   299   321   337   292   256   291   255   245   219   211   257   285   271   269   265   280   271   271   333   318   276   229
2012   09   196   264   291   270   282   292   245   205   229   212   254   227   243   245   192   173   262   277   275   201   276   234   232   207   192   222   264   211   223   240
2012   10   229   190   245   197   226   165   178   162   239   217   170   217   238   181   171   197   181   116   200   196   164   211   114   231   165   254   196   149   214   177   185
2012   11   171   174   147   126   115   114   99    123   97    93    115   164   136   86    80    158   132   172   92    83    119   104   99    47    88    92    115   82    45    46
2012   12   67    96    92    152   98    127   114   49    28    101   23    3     7     41    17    32    44    41    17    20    43    24    -2    9     11    -2    -3    35    12    88    107
